8687417
8892122
8277426
9066958
8004427
8248316
8327880
8136489
8039334
8526959
8276319
9164228
8977780
8812190
9217895
8862217
9480474
8874698
8852639
8825966
8993359
8833400
8906031
8770263
8946856
8902621
8920336
9721284
9590804
8588215
8721241
8869409
9839366
8942707
8652153
9112219
8896646
8800251
8847048
8355351
9012252
8398605
8543750
8750166
9047333
9061918
8883778
8055256
9170586
8460305
9228250
9036155
8765967
8917415
8393593
8936119
9116424
8704750
9052185
8702463
8942996
8993224
8766356
8708990
8786530
8911697
8744756
8273389
8730649
8578106
9163003
8571600
8614804
8851056
9353670
8455154
8801427
8609940
9199178
8910462
8815371
8747680
8659957
8994421
8793802
9148827
8697991
8286641
8890843
8696714
8683789
8492861
8540433
8405836
8491482
8187520
8349715
7703551
8156588
7932025
8103217
7954209
7762284
7890276
8341253
8514291
8816581
7975370
8715748
8423138
8002480
8236920
8407294
8195480
8250718
8586922
8049604
8213758
8406589
8638318
8389444
8790223
8417559
8555649
8406037
8926657
8444709
8492060
8635935
9038087
8585767
8972367
8210879
8763394
8032845
8683471
8677767
8933431
8969192
8938924
8544833
8754057
8628411
8637240
8606099
8358939
8196331
8523971
8547232
8665892
8458395
8305695
8356036
8804183
8578136
8162150
8163831
8826077
8688708
8922158
8677944
8712252
8560552
8111517
8373248
8434015
8836849
7948865
8545531
8450784
8266978
8614630
8359983
8588559
8433365
8380456
8063639
8446043
8328925
8216776
8089104
8052179
8280640
8602613
8149529
8686714
8214603
8828828
8437918
8995146
8274378
8074123
8409672
8311308
8251000
8211968
8087808
7909217
8052153
8449090
8165446
7980797
7757880
8200229
8220003
8018743
8495641
8428224
8725198
8705069
8392023
8405599
8559159
8806543
8891152
8577802
8326109
8313756
8703357
8413843
8382085
8066886
8469970
8128671
8668370
8319033
8446755
8610656
8791887
8925303
8857344
8965421
9227732
9054556
8877099
8570930
8657813
8621561
8867926
8597184
8335370
8472115
8512098
9091496
8604341
8506200
8932868
8588191
8575691
8402477
8263427
8639414
8346358
9096141
8604189
8710925
8968226
8542550
9061647
9006027
8814000
8871100
8701168
9141522
8722031
9480646
9546504
8884440
9937853
8512898
10889149
9768436
9191652
9997171
8700581
11103549
11322810
8886083
10726010
9438536
8917865
8770933
7966086
8583669
9086304
8301888
8943120
8728457
9103123
9374944
8080089
9727906
8949813
9900407
9396565
8412851
10097210
9340621
8979247
9741759
9125089
9241671
9630334
8618930
10226343
9339342
9411108
10090479
8621677
10060099
10371898
9140089
9811066
9308823
9635131
9658481
9139000
10038720
10164690
9403460
9781257
9103171
9538938
9153604
8809220
10100734
8742480
9458439
9873681
8807068
9678641
8853846
8944043
9622739
8439476
9986919
9267925
8918917
9675995
9462762
9247100
9311824
8314737
9502324
9562139
8357258
9659813
8723110
9965412
9855311
8990479
10343340
9934520
9234677
9614077
8570118
9487936
8979212
8898715
10166392
9565881
9058851
10253663
8187598
10051852
9283150
8891157
9592500
9270517
9927782
10433953
9722662
11488314
9701247
9220994
10501017
9090793
10759895
10328134
9604905
10885416
9557320
9613622
9902926
8724666
9262927
8841716
8478175
9358951
8236586
9348275
9119561
7824646
9400225
8178054
8808034
8857110
8119276
9342047
9492337
8036897
9542770
8210179
8917276
9133507
8353155
9839682
9259309
9123595
9971986
8307502
8321418
7690197
8123297
7958321
8197179
8255668
8193703
7669652
8547173
7926921
8192156
7769637
8351047
8540396
8255936
8849867
8452182
8467612
9111912
8609277
8729998
8746359
8697039
8486668
8404366
8508369
8128957
8182049
8453987
8145868
8458077
8000013
7727073
7803509
8233693
7767531
7941216
8153294
8306177
7977088
7752746
7135677
8554569
7630796
7891643
8289126
8300767
8117137
8519879
7995308
8352724
8531570
7918714
8466119
8885063
8862673
8767001
8571645
8770792
8442873
8947284
8428280
8662819
8143667
8263480
8577129
8579477
8435629
9034552
8517087
8673724
8349409
8539610
8468486
8451025
8182373
8699407
8268725
8583850
8416366
8148641
8027471
8364718
8408167
8095791
8437899
8832351
8910700
8685785
8400044
7972407
8431800
8550739
8819724
7994728
8311092
8570083
8122815
8177888
8683461
8424591
8186029
8065911
8234058
8429354
8212435
8107183
8087809
8330759
8149876
8017986
7641702
8211188
8255599
8509670
8541633
8236733
8997291
8748945
8610161
9005295
8442363
8676515
8693323
8227072
8173016
8563451
8516939
9157180
7898650
8715885
8112818
8895137
8241762
8661061
8395601
8520304
8479297
8628255
8522659
8671847
8608061
8893847
8426113
8682807
9030068
8818103
9019591
8792148
8245686
8535449
8373578
8471045
8576820
8103482
8743335
8086856
8402767
8334921
8653182
8826756
8165272
8780267
8832658
8555975
8319436
8777565
7824232
8529045
8075135
8300207
8168497
8330232
8358921
8315022
8777571
8734057
8434179
8334687
8329851
8679972
8161567
8602660
8616559
8000205
8342587
8332511
8501156
8347768
8417745
8297527
8019740
8678016
8573979
8595275
8838198
8589449
8372176
8259037
8474180
8490484
8908535
8276335
8667296
8576639
8663378
8147122
8539587
8207415
8448968
7962461
8868870
8109324
8404653
8501935
8606904
8697050
8635501
8569735
8979596
11280557
19690791
19924171
20362721
19595371
20315196
20466525
19667177
20139994
20443259
20042044
19945352
20207947
20118064
20008250
20553164
20248204
20126298
20108601
20057076
19435225
19481410
19687272
19839149
19931288
19538034
19605985
19769704
20458701
19506531
20327643
19979058
19989807
19860931
20121886
19326265
19619242
19560714
19636586
19746010
19500176
19448470
19734281
19547447
19684258
19825320
19507074
19644746
19715244
19669357
19741164
19908264
20144745
19379532
20066443
19342108
19580296
19597021
19443214
19776934
19530374
19632259
19392687
19680020
20909627
20539804
19114735
19646687
19283711
19656823
19365296
19387912
19680457
19452541
19781082
19244936
19287364
19219963
19089426
19231197
19456331
19113925
19411171
19397125
19376716
18970724
20047464
19076456
19650347
19874187
19412973
19890223
19568604
19090284
19874591
19572566
19396823
19846281
19337419
19740097
16784064
8030974
7946178
8047680
8351890
7620067
8000643
8712627
7783635
8412197
7934082
8440001
7900005
8482749
8275938
8728916
8295973
8999530
8178350
8587276
7983877
8351679
8577733
8497478
8140279
8441021
8494084
8337824
8665128
8856859
8835180
8572639
8719780
8362602
8888280
8264379
8256024
8360135
8547149
8658752
8466682
8980392
8318410
8632395
8361940
8400606
8550183
8242503
8390987
8471798
8237127
7773591
8220244
7970797
8346758
7918211
8767853
7851987
8125295
8309310
8007312
7715712
8322927
8209408
8564916
8046354
8413814
8319117
8235111
8534813
8458164
8160526
8250275
8118011
7927755
8418887
8187407
8022934
8254085
8476490
8125269
7775540
8748995
8181843
8534357
7919663
8139682
8398985
8228726
8318775
8207473
8333950
8384662
8027526
8133078
8557233
7982046
8001066
8293419
8204577
8445311
8399398
8685457
8429904
8380797
8792511
8422863
8842071
8778860
8230235
8063376
7782618
8163057
7749251
8317666
7784826
8176185
8144569
8786045
8052870
8384283
8034556
7806767
8392329
8168062
8291432
8163074
8469481
8070507
8683476
8350195
8644858
8481157
9057874
8729253
8991414
8410755
9300595
9108947
9088964
8885905
9072701
8989152
8745955
9323484
8705141
8786773
8551164
9077401
8818082
8738900
8999554
8713029
8654215
8895152
8376213
8935573
8667359
8416029
9388830
8646277
8814951
9182321
9268501
8766895
8831737
8727936
8793978
8448515
8655636
8473338
8163414
8957057
8325328
8902803
8618180
8968339
8249376
8771987
8393229
8634504
8517431
8425946
8295069
8711602
7879262
8512244
8268743
8703072
8328596
8707524
7938906
8304941
8226274
8054335
8169116
9054213
7999415
8754229
8352364
8838783
8645704
8738283
8517038
9106117
8728849
8749543
8529652
8738049
8721956
8705026
8718591
8977470
8898069
9274590
9032916
8895772
8591583
8921916
8618589
8764304
8405599
8701499
8913578
9322523
9178839
9208586
9087214
9188253
9290765
9311024
8972372
8296735
8605192
8849121
8414840
8654542
8321371
8732966
8591968
8905419
8545412
8662064
8734608
8792544
9185705
8949162
8965729
9745522
9857489
9273293
9837315
9338279
9693476
9199890
8991113
9201497
9341758
9547716
9897773
9347441
9535863
9335854
9829915
9062912
9026193
9100434
8985291
8683492
9768562
9064497
9406973
9042721
9116042
8528459
9431094
9220722
9095094
8995977
9646613
9983675
9715246
9536501
9335136
8906838
8899456
9253558
9501095
8154708
8898950
8897253
9126308
9830758
9353409
9725576
9250092
9273113
9446297
9621846
9034754
8712636
9179611
8787425
10193472
9817927
8714577
9340181
9529694
9571694
9343341
8775943
9621949
9558574
9425978
9374444
9043406
8851927
8844598
9013742
9270601
8249585
8986851
8997151
8722909
8835975
9447726
9331816
8557986
8688318
9036114
9528700
8882497
9972323
8819482
8883701
9056757
9449617
9688827
9226196
8687000
8973471
9208043
9465491
9018616
9124073
9441955
9317366
9116629
9446172
9292961
9276618
9425907
9400231
9294932
9638866
9241626
9455014
9546161
9599549
8988104
9411811
9261862
9176321
9455946
9156320
8837439
8738957
8339089
9112702
8901168
8572170
8296200
8996484
8645879
8829182
9177190
9294070
8823313
9368222
9412164
9181142
9090107
8957304
8698697
8954252
9130431
9053073
8750904
9158594
8792290
9025728
8941855
8863434
8903636
9135989
9093311
9277882
8712174
9040552
9167313
8954548
9246371
9188506
8964030
9315309
9087542
9358207
9835274
9375942
9866134
9640395
9997958
9699054
9643652
10014111
9334149
9747948
9112221
8883910
9249076
8777877
9259245
8457215
9107385
9411716
9165769
9585377
9000022
9038459
9532913
9167787
9345766
8962236
9493653
9451940
9776582
9412150
9001053
9593432
9841750
9388577
9848365
9337316
9291146
9201585
9378318
9184670
9326697
9469385
8900874
9252859
9334907
9026263
9049012
8441807
9300913
8612619
9070583
8548310
8846631
8696137
9275491
9194134
9320010
9149004
9115827
8917213
9359975
8954434
9558846
9669620
9249711
9022112
9079830
8978375
9142776
9059546
9007136
8870742
9461118
8929963
9255897
9119641
8954412
9138250
9570844
9045352
9020221
9291298
9041803
9366441
9371397
9023805
9256285
9406694
9126404
9183786
9855641
9926440
9884026
9878156
9994113
9657491
10279985
10225535
10159020
10009528
9487162
10184970
9545263
9209270
9483903
9608392
9708527
9403304
8893813
9292915
8836129
9386687
8566047
9339484
9424415
9486177
9389191
9389720
9319531
9898294
9089672
9557199
9821724
9955685
9530042
9937603
9932859
10117688
9946069
9729835
9502952
9576414
9421038
9119261
9489848
8359622
8940960
8748258
9039274
9027465
9274040
8652564
9606170
8353218
8482194
8760062
9035314
8639967
9018645
8839506
8997298
8851590
8640545
8789509
8784925
8677563
8570471
8281345
9071619
8869678
8713964
8760366
8550043
8837815
8535953
8413304
8641905
8566286
8891818
8291177
9008103
8349910
8581040
8163464
8174192
8180995
8278783
8511542
8106704
8780454
8370541
8427059
8037790
8974057
8235072
8471686
8246610
7733736
8490953
8231946
8270766
8498159
8653431
8671585
8638853
8246274
8340419
8377626
8228471
7914331
8204454
8474457
8126415
8172555
8649602
8149518
8730482
8923116
9135489
8250016
8236628
7914728
8190935
8051363
7960500
8585552
8035245
8113312
8506696
8139085
8126094
8462639
8780643
8590015
8719572
8778106
8516868
8714750
8438863
8947790
8550144
8653082
8521717
8671334
9025719
9549538
8411719
8744945
8359225
8637658
8450674
8389704
8390144
8582321
8397283
8842169
8722435
8695955
8331233
9085800
8549809
8998299
8851229
8892970
8713045
8527624
8856511
8612424
8268101
8595739
8231284
8285842
8119271
8492010
8041091
7886151
8168128
8013043
8001331
8939019
8348028
8586895
8947439
8421674
8421143
8545125
8425759
8696569
8710940
8941516
8638422
8642493
8694879
8414994
8248638
8293131
8279117
8336119
8999721
8281212
8360737
8327959
8606055
8482935
8086811
8887793
7820525
8640063
8726253
8672992
8404287
8791080
8728391
8917500
8683399
8543987
8813370
8505523
8559603
8177805
8322853
8167867
8681643
8406618
8368103
7984038
8203560
8180708
8270774
7923646
7859691
8331218
8375358
7893872
8339293
8175239
8999811
8707360
11166512
11931766
16042844
20318662
21109397
21307812
21443527
21413166
21421626
21534467
21749822
21814895
21108728
21339330
20999647
21091032
20872187
21172460
20957668
21147351
21440060
20787963
21144999
20817238
21338574
20902523
20892389
20788117
21490934
20748875
21417915
20954435
21175093
20644313
20892772
20188506
20342354
20469107
20478310
20459752
21104836
20651127
20672991
20672820
20643289
21239037
20767227
20789363
21022296
20904256
21345273
21364895
20523853
21028716
20952164
20942638
21055592
20469895
20906353
20951777
20566402
20805358
20603252
20939311
20748217
20615057
20459854
20710564
20600341
20629916
20709533
20625632
20711484
20724701
20857571
21234037
20379906
20895884
20824972
20901673
21027148
21085177
20654270
21167944
20640751
20868576
20885964
21206582
20941017
20914763
21040087
21113710
20610242
21001593
20683117
21246848
21015301
21000648
21399464
21281541
21146204
21082159
21162872
21052093
21388120
20844766
20995371
20629560
20799479
20892124
20950459
20515000
20958778
20719675
20960074
20804546
20915118
20712069
20808057
20836149
20694281
21158906
20848416
20536835
21101857
20760443
20738870
20679149
20646405
20516906
20711561
20433105
20775216
20333227
20507753
20607723
20601107
20394189
20610861
20950181
21371669
20613626
20849156
20816897
20674282
21062307
20992357
20378844
20769374
21120490
20721386
20864739
20780759
21442060
20829375
21106919
21304594
21084645
20599845
21801939
21216091
21256134
21351179
20962982
21201076
21441496
21002694
21173388
21035503
21390282
21268220
21041700
21085230
21001247
21021878
21147360
20927034
20505572
21172054
21198720
20655441
20744412
20765496
20376176
21001183
20533524
20767707
20792447
20769486
20688472
20936384
20969832
20851497
20950531
21188906
21098938
20714918
21203035
20668609
20483500
20844419
20711991
21478378
21537500
21175280
21183777
20737186
21096098
21149127
20866760
21038770
20641205
20859885
21192325
20653563
20465193
20818239
20586943
20693798
20661849
20994440
20437418
21381201
20947138
20676864
21254666
21099679
21089863
21091741
20962919
21146832
20927651
20904740
22498860
21691387
21201577
21251832
21191603
21734844
21305881
21586102
21572800
21189275
21462160
21087981
21323421
20983912
21060549
20327636
20938922
20724939
21257110
20412242
20412278
20530070
20630974
20808241
20546986
20725232
20739969
20544592
20936167
20650497
20282197
20815727
20748163
21024942
20602532
21290386
21036684
21127414
21270776
21475338
21337024
21091751
21259929
21098692
21323496
21204223
21428925
20990962
20979596
21402115
21396718
20878431
21423129
20934498
21086602
21146239
21402520
21210529
21377667
21484737
21334016
21581904
20742043
15960857
8053469
8394033
8808000
8447099
8432734
8260881
8403049
8459037
8465632
8520374
8194358
8597829
8580988
8368506
8745685
8591276
8331636
8367045
8434830
8758743
8627118
8712347
8328325
8204392
8622474
8698397
8362078
8542091
8461499
8435835
8703649
8881464
8462479
8731179
8733544
8969081
8542420
8615525
8705092
8970957
8472054
8998334
8928722
9192784
8917898
9184565
8962803
9071802
9181952
9012915
8771937
8582263
8746825
8878653
8623184
8815896
8683218
8975902
8446905
8779771
8550135
8637943
8653194
8856311
8699698
8737886
8310699
9170368
8256690
8827734
8361750
8629172
8170089
8203559
8780437
8585770
8536673
8452886
8185589
8095276
8609150
8486638
8315545
8231447
7984484
8328179
8510485
8169403
8400659
8562469
8256315
8811653
8955957
8401369
9328523
8556084
8939740
8553445
9212391
8546016
8327941
8179424
8635671
8062633
7834282
8413501
8395444
8594642
8065635
8388737
8265829
8140346
8354742
8610400
8367607
8204110
7736457
8315848
7756839
8398253
8126741
8257347
8613252
8839720
8690153
8559820
8590472
8727833
8278761
8602848
8898641
8636382
8187820
8325328
8461084
8341686
8588808
8659507
8329246
8562071
7735896
8225103
8709285
8908027
9123779
8885571
8489608
8760101
8765472
8743105
8553618
9141892
8618823
9128748
8651358
9069484
8782407
8749111
8906371
9036702
8963678
8921490
8454502
8865324
9336952
9141132
9009463
8930292
9218110
8766506
8956036
8797969
8857120
8774113
9042991
8814827
8783646
9070747
8258967
8458966
8055337
9003007
8350647
8547840
8785564
8787904
9229327
8549262
8543425
8175972
8393360
8682384
8587711
8857342
9416808
7930692
8585795
8442581
8743082
8414161
8491496
8010354
8967201
8227750
8438748
8456314
8808162
8401843
8713683
8326538
8321410
8302921
8809638
8117410
8855248
8942884
8427608
8364246
7994330
8643715
8315895
8833355
8661439
8818927
8269039
8684284
8370036
8950246
8403194
9107748
8553439
8858427
8429316
8568969
8311520
8379708
8544878
8341011
8398172
8410023
8162755
8874105
8742299
8634005
8796790
8335385
8439062
8909110
8549807
8488080
8300004
8548322
9571136
9393828
9079308
8696264
8880722
8460322
8970920
8174543
8899454
8610698
9174548
8725181
8558458
9182590
8762312
8645870
8348633
8916858
7905267
8592486
8704906
8938437
8794585
8796815
8720795
9161654
8741678
9074504
8318757
8865825
8787130
8714279
8666774
8379152
8947712
8820694
8835458
9103345
8933571
9099550
9350625
8968349
8805651
9553450
9398821
9320357
9314995
9204350
8660047
8827377
8861959
8391804
8612383
8414620
8736376
9061950
8560550
9139032
8741842
9001594
8976463
8913505
8553692
8597889
8699803
8424335
8199030
8165878
8424075
8592363
8185018
8133426
8701339
8058443
8388735
8321392
8346887
8038025
7991646
8476783
8401415
8653973
8500783
8316359
8486932
8323999
8382276
8403406
8703652
8827105
8566333
8992485
9055271
8786650
8819039
8346645
8876562
8186622
8602293
8604729
8464384
8816746
8905060
8795414
8264599
8253314
8555354
8853983
8787773
8411159
8303769
8529711
8226732
8374963
8301309
8951184
8762903
8653173
8309196
8273462
8149507
8453578
8523028
8405529
8169882
8459930
8152934
8842647
8106805
8975774
8654229
8536772
8469370
8822479
8996248
8450267
8690847
8868359
8874433
8941843
8259152
9340175
8784122
8590421
8733809
8867107
8690776
9020113
8763637
8836178
8761969
8562975
8719715
8516844
8096512
8860095
8874201
9305132
8405677
9139202
8834609
9160931
8640941
9198194
9090481
8682338
8872191
8820806
8725625
9316172
8973563
9058935
8930612
9198941
8886653
8463811
9127046
8610138
8482410
8592501
8310924
8595394
8424608
8558032
8442014
8460625
8676545
8577368
8751704
8708649
8607480
8843565
8658584
8786141
8787766
8343522
8959430
8469530
8298482
8104751
8130294
8315739
7988204
7919498
8702193
7787977
8685379
8436028
8529929
8397605
8864976
8926314
8825615
8964707
8818130
9085742
8894799
8992703
8944478
9556857
8677937
8928224
9375079
8614314
8926244
9117226
8339634
8308142
8681686
8868072
8490807
8939009
8878232
8516512
8826627
8487522
8903399
8587017
8678804
8853641
8785977
9129459
8762834
8678777
8950625
8382834
8696031
8165867
8633543
8923530
9048841
8830559
9028412
8549496
8966007
8767314
9279978
8850593
8731181
8818422
8957208
8793566
8584948
8648525
8372076
8415593
8478971
8757882
8386991
8907635
8642849
8796655
8168676
8807359
8454324
8823918
8241161
9006877
8477292
8965096
8122537
8212529
8411093
8318304
8077197
8774605
8400951
8250740
8302646
8406763
8745473
8707437
9073766
8384153
8568402
8703307
8510327
8466600
8756330
8336763
8993791
8847054
9031955
9049208
8323426
8556985
8159642
8240053
8297486
8325544
8629552
8531977
8859152
8650987
8772821
8495667
8638625
8776763
8494538
8513349
8837440
8848454
8621752
8480385
8745015
8762070
9255662
9691100
9230929
8710461
8677702
8487632
8166562
8726389
8113774
8421131
8240237
8214320
8328317
8544199
8859611
8576049
9282345
8437758
8276815
8999048
8443760
8786985
8476406
8717134
8557078
8999419
8245247
8599153
8397393
8704620
8625510
8867873
8480218
8589946
8804975
8739573
8762565
8925311
8772988
9151036
8789565
9346888
9111417
9372656
9426604
9289114
9034026
8822725
9376747
8967086
9099103
8683546
8884721
9466772
9093188
9030364
9484730
8833941
9343975
9074796
9331218
9107069
8849750
9160837
8835159
8878576
9158780
9334063
8850844
8935476
8785281
8988655
8577665
8999506
8884659
9077710
8897980
9063484
9114384
9698779
8680340
8799764
9086453
8788219
9125644
9445351
9661629
9070170
9093003
8936923
8928720
8915300
8645050
9034111
8518844
8877197
9048696
9035042
9292998
9578544
8974708
9359156
8894168
9335782
9168041
9041210
8152400
8292297
8388740
8494768
8389097
8924305
8344116
8568176
8312566
9047250
8897513
8147272
8800824
8283218
8589469
8698810
8270636
8379942
8872204
8770827
8703200
8519662
8319999
8426740
8353224
8613478
8507577
8536254
9111876
8888101
8474154
8837851
8700539
8834166
8366237
9056669
8315264
8445963
7823373
8436487
8448742
8368282
8414198
8417751
8197479
8663789
8588396
8590269
8554051
8364736
8470978
8338313
7907205
8439841
8100871
8753103
8123361
8011736
8526276
8578338
8526937
8832548
8135452
8122837
8254251
8672756
8132090
8264539
8008184
8523670
8573001
8541761
8322952
8611168
8350087
8764386
8886648
8904082
8508406
8228721
8358114
8159012
8626419
8469782
8168192
8568743
8655885
8717518
8859572
9182049
9019197
9200516
8698304
8417343
8126418
8522731
8477161
7904648
8642562
8019957
8316573
7843223
8109346
8511335
8082094
8140431
8526247
8294606
8652083
8005389
9272082
8583052
8690228
8816019
8728796
9057309
8656885
9538821
8496430
9412900
9148440
8882573
8442685
8918664
8609491
9219980
8669320
9277464
9359071
8823856
8992636
9242826
9094513
8784026
8325177
8846402
8649718
8810626
8928880
9048392
9241309
9570132
8950696
9515730
8639230
8985745
8836105
9117818
9382004
9413145
9147483
8989536
8924472
8770291
8631952
9471279
8454385
8759640
8850985
8458671
8910184
9025278
8531479
8259620
8033518
8484581
8085702
7854411
8274274
8327649
8753786
8327683
8335278
8338638
8267110
8545287
8593508
8175199
8192706
8557890
8643636
8441312
8681008
8449561
8692897
8394255
8186487
8625713
8152512
8608759
8666526
9808067
9639319
8408439
8504621
8485022
8302298
8045656
8281108
8685081
8495524
8419591
8952892
8723806
8701078
8680157
8450815
8317978
8560731
8536123
8569800
8670516
8958477
8753601
8356828
8126011
8623463
8605338
9083230
9131330
9093585
8810309
9066347
9008637
9061588
8978640
9316987
9090399
9718607
8933097
9193297
8755650
9396212
8464234
9213248
8587531
8861694
8412355
8597684
8534837
9350765
8833172
8799114
8567821
9162009
8750250
9005033
8307724
8481395
8526323
8712388
8837327
8694150
8848317
9069709
9096445
8936574
8467874
8721195
9388316
9235714
9046505
9356732
9403291
9285223
8778279
9359240
8384993
8956110
8646235
8916683
9120358
9012240
8447327
9061708
8583159
9096594
8984986
9024745
9198223
8996962
8915054
8924963
9301711
9133068
9073476
9055547
9168729
8868211
9013366
8904676
8549522
8480380
8901059
7864413
8614383
8780818
8839376
8525584
8266570
8456015
8427583
8320609
8426221
8699410
8348353
8853559
8016409
8797245
8809045
8925539
8832519
8635022
8976837
8740716
9154417
9023370
8504206
8861665
8875800
9012025
8733375
8666104
8415762
8309054
8952382
8697844
8168754
8668891
8791565
8686793
9013140
8304042
8274434
8565263
8300080
8339345
8197128
8689939
8337451
8145327
8539528
8658788
8310750
8275628
7998869
8034091
8709704
8177375
8219729
8252796
8593250
7693172
8616586
8449465
8441860
8715278
8116277
8328981
8316682
8355154
8252266
7959543
7965037
7792966
8011388
7995241
8104294
7684569
7866252
7779040
7927988
7867364
8067147
7822475
8338109
7899573
8621722
7747580
8529093
8241187
8092937
8410479
7775136
8112660
8044817
8068199
8152515
7932491
8311842
8731420
8295434
8913135
8161835
8061907
8203876
8413981
8466510
8286244
8209019
8322647
8380755
8117084
8356523
8406373
8265330
7759981
8382161
8573199
8248546
8964345
8268824
8430599
8083685
8982490
7965960
8511086
8252863
9206176
8934737
9202480
9649747
9255060
8624004
8919068
8940284
8940170
8374946
8860996
8709107
8823245
8497846
8705535
8712060
8911641
8584289
8195358
8252175
8437057
8640425
8386917
8508084
8059280
9262231
8751086
8660416
8719862
9208990
8549848
8530017
8529330
8568511
9035197
8053049
8936218
8127767
8587470
8170267
9010796
8862301
8705497
8615417
8628559
8461576
8854832
8933094
8281376
8773617
8839449
8851353
9199389
8559657
8875047
8694057
8608118
8635777
8821961
8685369
8563566
8881513
8357075
8727267
8557011
8528694
8343745
8888858
8464478
8122198
8296146
8757911
8329076
8483756
8614008
8313504
7635734
8417206
8019899
8492926
7606983
8567265
7822380
8377973
8294184
8627310
8058974
8440991
8541993
8566458
8151483
8768740
8796837
8702324
8500695
8850112
8753459
8353014
8278478
9149521
9308508
9162398
8413633
8209930
8532514
8019498
7919903
8521230
8086932
8361910
8318515
8385795
8172752
8909658
8360210
8931308
8342036
8248332
8412780
8551838
8147209
8238029
8104460
8091254
8321164
8296598
8299119
8125435
8201016
8347564
8376955
7954933
8531786
8332808
8628594
8249073
8096933
8017370
8370824
7618082
8657839
8142542
9064660
8894143
8549022
8618917
8572500
8695305
8517231
7995386
7835485
8446289
8359136
8633262
8605271
8600301
8897134
8536642
8722078
8981804
8576601
9008797
8907327
9140075
9286395
8707216
9369323
9559957
8999546
9540606
8727448
8972952
8498457
8870419
8942938
8637736
8452130
9028403
8443265
8985771
8576904
8602799
8614942
8203234
8279035
8225904
8737025
8573651
8311933
8250271
8278062
8675472
9066578
8611080
8408557
8603507
8724441
8707064
8970251
8738961
8757573
8386230
8648260
8755003
8607634
8424068
8975136
8489453
8356848
8818076
8057804
8607743
8550325
8655644
8831935
8963708
8684361
9147762
8637924
8989902
8685902
9198667
8981166
9088775
8681107
8555396
9096299
8375447
8312024
8323531
8635163
8930471
8601481
8776513
8220529
8845890
8045584
8407843
8359463
8357523
8630502
8639361
8856432
8465914
8903829
8524517
8639827
8380081
8428344
8735957
7978663
8196988
8127252
8826155
8730106
8582782
8925265
8695366
8827307
8651438
8480198
9127457
8325714
8750225
8645398
8547553
8478255
8410875
8635545
8541201
8760438
8439143
8905140
8496445
9111006
8456498
8930843
8842782
8441096
8541663
8428457
8242677
8891840
8187925
8640449
8402119
7998576
8155136
8114746
7818548
8395968
8729769
8817636
8178486
8536891
8418875
8280248
8254331
8352809
8724747
8767977
8444525
8750244
8707331
8483497
8212208
8883708
8778996
8948692
8326096
8781065
8515472
8541091
8869357
7897463
8526422
8319851
8462566
8236802
8221194
8535937
8859409
8571066
8454663
8691254
8115921
8388329
8653805
8021813
8643029
8109654
8138571
8093666
8606105
8560292
8213293
8086223
8490425
8285314
8232964
8143057
8311245
9070568
8493285
8478610
8676681
8495046
8257751
8139142
8173913
8308490
8732210
8409505
8753420
8271639
8313763
8148321
8640077
8303207
8352576
8246781
8473493
8563156
8377130
8000586
8240292
7929321
8186425
7925144
7771013
8119302
8171993
7916052
8161214
8106000
8022270
8408277
7898422
8330314
7960306
8504954
8235788
8530288
8038198
8437182
8351051
8268396
8385858
8545475
8018591
8746619
8563652
8959564
9040848
9044969
8476967
8336679
8157112
8105652
7720129
8269965
8237722
8315297
9009733
8564529
8411277
8838455
8718882
8638339
8759283
8812931
9378343
8649213
9290316
8589852
8726349
8971789
8880192
8745241
8644810
8660207
9302245
8949035
8636610
9000091
8695867
8340607
8685494
8824911
8487870
8693483
8082537
8527094
8436402
8786153
7688612
8659375
7701871
8388122
8513015
8584205
8670387
8655320
8132446
8331745
8436913
8933825
8306692
8551051
8358268
8450498
8457451
8459752
8448354
8401018
8328349
8335015
8301191
7906931
8609783
8311493
8467188
8130802
8575543
8391207
8438439
8653686
9111791
9014773
9050007
8817940
8803501
8820308
8725622
8851759
8592540
8943144
9101343
8295285
8657759
9101894
8819498
8648216
8800547
8822375
8823710
8993508
8647463
8761399
8228482
8610537
8555850
9056816
8688718
8721091
8175680
8682315
8681014
8307094
8589104
8176030
8544193
8769757
8779926
8631334
8156681
8187441
8896019
7962674
8830053
8697095
8232865
8533589
8715124
8606396
8634427
8388531
8497087
8528796
8119250
8197062
7991940
8781852
8381253
8528305
8123959
8426691
8683313
8713925
8115036
8328686
8324139
8351761
8753030
8680251
8258448
8605809
8563737
8102645
8120506
8857835
8888369
8911349
9057602
8513205
8742690
8717555
8860669
9347819
19804925
20090875
20257045
19911962
20430595
19751970
19948686
20165971
20259234
20199390
20063551
20029091
19688940
20344082
20207172
20529572
19868514
20476254
19966819
19968187
20317889
20029324
20549509
20000076
19934017
20217306
19755590
19996589
19586151
20108791
19937980
19727727
19773362
20082821
19912007
19967769
19247072
19463455
19662313
19938329
20153537
20166928
20169295
20578462
20090625
19613583
20149967
19459600
20397439
19369506
19621018
19780204
19973033
19889222
19911704
20010600
20217312
19806723
20039520
19874393
19761655
20019209
20011753
20447206
20661457
20267668
20660383
20267299
20522579
20316984
20249391
20645502
20303796
20590299
20190942
20769402
19586390
19859025
20335505
20684614
20422614
19904745
20397009
20001673
20352237
20485147
19999817
19879281
20649304
19817490
20423805
19929761
20502358
20999014
20267746
20618094
19960087
20585818
21180756
20432602
9368448
8876647
9617796
9282226
8951067
9300364
8862730
9056102
8909826
9380229
8567048
8973131
9014518
9775674
9613372
9208894
9159138
9027933
9466136
9621820
9728997
9260612
9879287
9464853
9860659
9441528
9077101
9237358
9571758
9364318
9450838
9142230
9079140
8519134
9393540
8331641
9014262
8966672
8757020
8735507
8625524
8384058
9077042
9213944
9133656
8944956
8868476
9182419
8680232
9190562
8806892
8517480
8643141
8231679
8969366
8803981
8700064
7997523
8712381
8232077
8584581
8635040
9100823
8637283
9203666
9175153
9385681
8409812
8239570
8902856
8811158
8301707
8621315
8364016
9096927
8966883
9011488
8785360
8596524
8849511
8924936
8263087
9181271
8846368
9116530
8659364
8955679
8490647
9121384
8943821
8953715
8632334
8955824
9007567
8863828
8831077
8851327
8967503
8608677
8919583
9030163
8592608
9046540
8591582
8645398
8635919
8524391
8791624
8582605
8642041
8456283
8116266
8078286
8160051
8651362
8977376
8786218
9295605
8840925
8981111
9375273
9018125
8886604
9089281
8515564
9017327
8566794
8372810
8115911
8621499
8477625
8197891
8077941
8486478
8864705
8480076
8267091
8791770
8202020
8554803
8937004
8259740
8506783
8864001
8895771
8714123
9027572
8860251
8588565
8524840
8866270
8453787
8197206
8301999
8651328
8930499
8691876
8419138
8657807
8470143
8513389
8675073
8432268
8538114
9061405
8629237
9012608
8683959
8496821
8922051
8762300
8618676
8963524
8929645
9047930
9090709
8608882
8717280
8606082
8661436
8580397
8722517
8610459
8520255
8890213
8359430
8340736
8411738
8601493
8465341
8501306
8417274
8815103
8538897
8740735
8093111
8374971
8694166
8670014
8539032
9175077
8262811
9164222
8610571
8952110
8818508
8787747
9205765
8329859
8369893
8773649
8368885
8888706
8317540
9074461
8771319
8823972
8908307
8763061
8757448
8681870
8906272
8728772
8332539
8452449
8983036
8351608
8724933
8523820
8610793
8662507
8328536
8525919
8363666
8813395
8122019
8550283
8739049
8987116
8541322
8334686
8410919
9009623
9202238
9423856
9048107
8740717
9123582
8124203
8578581
8797886
8561377
8654784
8929244
8482501
8870545
8935766
9114386
9024188
8994934
8687366
9024855
8669574
8987190
8709679
9163354
9145946
9348435
8998890
9267519
9129036
9461991
9116430
8807188
8607575
9311962
9192848
8783557
9002131
9279640
8223025
8879988
9185023
8257423
8921769
8932781
8497019
8760185
8418603
8890976
8468240
8682531
8606294
9275737
9634608
10119019
9639621
9218233
9614309
9508253
9139622
8868126
9992872
9406133
9408116
9609714
9397282
9389998
9206657
9318502
9175804
9031102
9442333
8883000
9549719
8985908
9009898
9168289
8912194
9297353
9438338
8994554
9312874
9378354
9580732
9067467
9672884
9150640
9094083
9385643
9133438
9187492
8726298
8758109
9097200
9152579
8762700
8888249
9195725
9284332
9062574
9205734
9739161
9206159
9366513
9185742
8872623
9338402
9234852
9244403
9009107
9191853
9603421
8887240
9504707
9381729
8941979
8684317
9523896
9515170
9473469
9173696
10137225
9144556
9755638
9028875
9770242
9307394
9557977
9324662
9180768
9110358
8982111
9614307
9059936
8804687
9541830
9096798
8529659
9042555
8814698
9009504
9066861
9297984
9008280
9339515
8685161
8776051
8127640
8742287
8597763
8787144
8505802
8970059
9587941
9069895
8935155
8926938
9343403
8560994
8947521
9185177
9250161
9087772
9620473
8800710
8689962
8830566
9017477
8911639
8779745
9017155
9267961
9034522
9577317
8703767
9015532
9051213
9172666
8968697
9356393
8893301
9396142
8744299
9445725
9256708
9047826
9449055
9085883
8875376
9645970
9112482
9044720
9119102
10105241
9188938
9335383
8857227
9194177
8724066
8986389
8684196
9097852
8975688
9641270
9665864
9496890
9280815
9248536
9363974
9161965
9086378
9270450
9319703
9665196
9546287
9288501
9333015
9415888
9304981
8847609
9110770
9231332
9563008
8864919
9133377
9023649
9044973
8974875
9239562
9349662
9776887
9033737
9281874
9565861
9313817
9008759
9780594
8963210
9364702
9204606
9872587
8643570
9012273
8910734
9397412
9239067
9100564
9128992
9524183
9059053
9401877
9062948
9602435
9428701
9210291
9188421
9501503
9497744
9649250
8524656
8984215
9511262
8783716
9407406
8727534
9241819
8843988
9686973
8882776
9074048
9157296
9458857
10021342
9438081
9137777
9135307
9672769
9255431
9307722
9004408
9586443
9069977
9131066
9192776
8892610
9277407
8854069
8854632
9022565
8995017
8689015
8941160
9017667
9225038
9009875
9110453
8892446
9207273
8726601
9377404
8983859
8805834
9591865
9430862
9243736
9402293
8937092
9130153
9248849
8904226
8897860
9483251
9226169
9952131
9452964
9794790
9253088
9503238
8747929
9211851
9369278
9433255
9394988
9528786
9387074
9851674
9513207
9201222
9411383
9290684
9367674
9065968
9372021
9773232
10354912
9188025
8831763
9278010
8949290
9295142
9490597
9175491
9250581
8864910
9035834
8479500
8403950
8223466
8781714
8757768
8767179
8017900
8724873
8698276
8890534
7804699
8588160
8819414
8920059
8634168
8623592
8158132
8662040
8645714
8678785
8546075
8644918
8527834
8612366
8504520
8565198
8275021
8289517
8761882
8602416
8613928
8226822
8162419
8752544
8576399
8752904
8812354
8455009
8659417
9285378
8660447
8405659
8221238
8537652
8675654
8263988
8860312
8336269
8550045
8408641
7901453
8151322
8177928
8197763
8370057
8620388
8477622
8906770
8319291
8766447
8367884
8903176
8459443
9080154
8589691
9017472
8413273
9007479
9108092
8956733
8253665
8618867
8527874
9089208
8641343
9291830
8328458
8900671
8171700
9147169
7981792
8614609
8212634
8880929
8148705
8648163
8441416
8807298
8531390
8710100
8246668
8389402
8492616
8141077
8944995
8227176
8651144
8515901
8287214
8375101
8601271
8051596
8231223
8199559
8381236
8533531
8086041
8398962
8648377
8388179
8612453
8645274
8841790
8717495
8442674
8574651
8415674
8688805
9436578
9062173
9231943
9032773
8773719
8573730
9010113
8768389
8339448
8728905
9380130
8590590
9247125
8516807
9023948
8651939
8707338
8381273
9066101
8464542
8723640
8602601
8834576
8631122
9081735
8586190
9398251
9226249
9537683
9342453
9376508
9357379
9337926
9350121
8969535
9180865
8965309
8556573
9363488
9086913
9007941
9392810
8991226
9056179
9100111
9347122
8822163
9024184
8667123
8899096
9331726
9276232
9034163
9094646
9671711
8964832
8701979
8889265
8960224
8925229
8913112
8999256
8504799
8822453
8708107
8624048
8987615
8728178
8636454
8348296
8943448
8467040
8128956
8124196
8142808
8276396
8442393
8135975
8516168
8499751
8155094
8604710
8337159
8351461
8784239
8801790
9122768
8600186
8598507
8876541
8665568
8761072
8603973
8773607
8637005
8816943
8615631
8780576
8467311
8763269
9090446
8822392
8895775
8527039
9220284
9297586
8455432
9369552
8436575
9080633
8977275
9081559
8670438
8855625
8884926
9087295
9163063
9071928
9335554
9223854
9136886
9212072
8984226
8480212
9413338
8543455
8989896
9294682
8986156
8597700
9156643
8945128
8963774
8690368
8923223
8693035
8804107
9020007
8821738
9752039
9193914
9097958
8748274
8747528
8654224
8421780
8264207
8848780
8924003
8922728
9325679
8847844
8876993
8744231
8985266
8756653
8978354
8951520
9219909
8597417
9351862
8954375
8837810
8708771
8690951
8780936
8783569
9051767
8415331
8459733
8821782
9113257
8265072
8675448
8349506
8635134
8291782
8306895
8942336
7946274
8601669
9131078
8327579
8835773
8355446
8946270
8955518
8764287
8659261
10311725
10102823
9057437
8955856
8580888
8735198
8780080
9018511
8886120
9293576
9661352
8765174
8986903
9493450
8998353
10034890
10459390
10448446
10143765
10439967
10554124
10686705
10505903
10337224
9520124
9938501
9613472
9844651
9521550
9908396
9793708
10516959
9974070
9596717
9408024
9460429
9144905
9796020
9351273
9536018
9590177
9847027
10233913
9876408
9810720
9555074
9461855
9746679
9463791
10144651
9848710
10048274
10024201
9907540
9953362
9802904
9927626
9988834
9443482
10085648
10025638
9750471
10338451
9555455
9525276
9984864
9966285
9620792
9398368
10036825
9742428
10470278
9874645
9814728
10153161
10052732
10383721
10274520
10420191
10590257
10331148
9984124
10432850
9867433
9796098
9915570
9359622
9979182
9216769
9361262
9334532
9513636
9495899
9519402
9952009
9361765
9204996
9479342
9186425
9127777
10114643
9424764
9366682
9720858
9555385
9874305
9664609
9815167
9593996
9584528
9866585
9946997
10074959
9819751
9112623
9448677
9361529
9642424
9468395
9342229
9184720
9678267
9341928
9488410
9540226
9258581
9698111
9988969
9588613
9395261
9870003
9842415
9537913
9646172
9260387
9277482
9343919
10092915
10299884
10052719
10106170
9854945
10270579
9793961
9961984
9848973
9711375
9627562
9623760
9874971
10397526
9535020
9723355
9597115
9581356
9648041
9766327
9385032
9934368
9941437
9744165
9967774
10145664
10225808
9465926
10062386
9988916
9642503
9857286
9776056
10070582
9971044
9731789
9416950
9573055
9543654
10017858
9323879
10002775
10006828
9947205
9824591
10070183
9852509
9582920
9707268
9573260
9611336
9173958
10280789
9707082
9558943
9172758
8600932
9438756
8888828
9324439
9209252
8914936
9253394
9641801
9402477
9603037
9701108
9392044
9604805
9003170
9402043
9332160
8634501
9136725
9943829
9263483
9167848
9048169
9107863
9319335
9570264
9493098
9437860
9416226
9480344
9642726
9605091
9417394
9393184
10121770
10183837
9677615
9986930
9603740
10230756
9791308
10079744
9702935
9497646
9217272
10049865
9757871
9186490
9645314
9449636
9347218
9656767
9271669
9762611
9668496
9616473
9798626
9822188
9947614
9936018
9347944
9631402
9577182
9798173
10028399
9365588
9991888
9652424
10174534
9750686
10261947
9574598
9999899
9612089
10191462
9798740
9755943
9963172
10096559
9819957
10400712
9759487
9778772
9710311
10138574
10012589
9760072
10132240
10461374
10740002
10075105
9879499
9724624
9653022
8880882
10237993
9327356
9632349
9857776
10110572
9762649
9868939
9443700
9728686
9682702
9888370
9612920
9964966
9619097
9714155
9891977
9201191
10109491
10834643
9911270
9516838
9495608
9810807
9443127
10055599
9867785
8934852
9003022
8579051
9152080
9018736
8948491
9042328
9068614
9417484
8749504
8835229
8620867
8687334
9119708
9099958
8731760
8799566
8941223
8519335
8657873
8545182
8370245
8453149
8659516
9205386
8549754
8893982
8312827
8654412
8348145
8632289
8248410
8481362
9049290
9184737
8725095
8743145
8929772
8192901
8689329
8584327
8709203
8969708
8343589
8976817
9185777
8511328
8419449
8752624
8568171
8979236
8417230
8802171
9051229
8627604
8570014
8581812
8591475
8686693
8363077
8850112
7901846
9065990
8673692
8567573
8775408
8887761
8826317
9028083
8802132
8763379
8621912
8467512
8228940
8451746
8360452
8193711
8193722
8179623
8236782
8264623
7854231
8197212
8322501
8382070
8067879
8301527
8365812
8971626
8194009
8728816
8644651
8422190
8783178
8882834
8763251
8094241
8728546
8916588
9022062
9104454
9001958
8783739
9233838
8850935
9149815
8684609
8898805
9390313
8783951
8796661
9347720
8883999
9375468
8553474
9049059
8553638
8975823
8779015
9179732
8461212
8638077
8511166
8593664
8596528
9168869
8457456
8532038
8750151
8788792
8264944
8848078
8340404
8806464
8455625
8447762
8683063
8831983
8705285
8935868
8382363
8695061
8588555
8989736
8907570
8846379
8900923
8535007
9120043
8743201
8395817
8364431
8802898
8783758
8728696
8608344
8646886
8460115
8976666
9040115
8565223
8255851
8382250
8737587
8252216
8589695
8480637
8626274
8654987
8824656
8645185
8896133
8365117
8770847
8943267
8600660
8909864
8502309
8425124
8581848
8742487
8166089
8829173
8468355
8663173
8701069
9067910
8944402
8888127
9132137
8652408
8609625
9162470
8756280
9383052
8958627
9168698
9223506
8879409
8400770
8568540
8601587
8669057
8531011
8617945
8541886
8679062
8743936
8590643
8444969
9026246
8581409
8623367
8783998
8886448
8621859
8760059
8734197
8917021
8658285
8735556
8924192
9047392
9346221
8856391
8603685
8320146
8482385
8820322
8797873
8421730
8528764
8330536
8578668
8591145
8501947
8486090
8871733
8900304
8691632
8382663
8510044
8236660
8644885
8647626
8697133
8158091
8649375
8755608
8048204
8479435
7945147
8389868
8271739
8264031
8823577
8062404
8407997
8680404
7912138
8563203
8014025
8501788
8389547
8471951
8967140
8616217
7986144
8677941
8596356
8350546
8600577
8490538
8615977
8869230
8901111
8872363
9190256
9084560
8830610
8571096
9185704
9159442
8704369
8087080
8870810
9748776
10069627
8884871
8883669
8531077
9059082
8463492
9159682
8685355
9055858
8947761
9537315
9122840
8380627
8546163
8781790
8499621
8538795
8660145
8000690
9302605
8451292
8655364
8649381
8849013
8374308
9001203
8355609
8671655
7995128
8817035
8657632
8945737
8489300
8534374
8355922
8506665
8133426
8652544
8146489
8381465
8337883
8668499
8204067
8378424
7715200
8491894
8158912
8221723
8525044
8965525
8287618
8641877
8038404
8286609
8308669
8339562
8186821
8703726
8457057
8704556
8374904
8990596
8782475
8777901
9057564
8740498
8887692
9002978
8305718
8504710
8550927
8766270
8294255
8517696
8678213
8897407
8724423
8430914
8783409
8485900
8870346
8981470
8863693
8672963
9239307
8249296
9066848
8991392
8679930
8373548
9297755
8590494
8737049
8330572
8905680
8484176
9086841
8900501
8871065
8397974
8760697
8402221
8592893
8447551
8416205
8976100
8830340
8715435
8595305
8568641
8833265
8481195
8539541
8214264
8536479
8843623
8682031
8621387
8679153
8202613
8822021
8809999
8762377
8958659
8704173
8440710
9218662
8370789
8737096
8763283
8623596
8757473
8742142
8501436
8417831
8291257
8557795
8594185
8467525
8370432
8992200
8527880
8651383
8265967
8857587
8519811
8763547
8662843
8647624
8496462
8783639
8558286
9350597
8883940
8412487
8455392
8486247
8898101
8560319
8368821
8185435
8138965
8665384
8388295
8250864
8322860
8473420
8455286
8462159
8405224
8181736
8456086
8582062
8405223
7884614
8323161
8772189
8741942
8432379
8870737
8549646
8401588
8630436
8352859
7983386
7991008
8141207
8383955
8116796
8300454
8541039
8489533
8710907
8627805
8577087
8361043
8411408
8616727
8511344
8388474
8803328
8769993
8728508
8894640
8880983
8628014
8859003
8835440
8650275
8109863
8419993
8501877
8947716
8252490
8583469
8280606
8548621
7967320
8716838
8733618
8380407
8799268
8640188
8650905
8960614
8506956
8497831
8366420
8811596
8717429
8782636
8982180
8936249
8746100
8632571
8715167
8706934
9172156
8530707
8573790
8689159
8448276
8735388
8120108
8204876
8668845
8220765
8519653
8546638
8405577
9180617
8891262
8780679
8877760
8585386
8771237
8474636
8848932
8407721
8285361
8582251
8328520
9137283
8686193
8732858
8867625
8745944
9067030
9257238
9038620
8893086
9321060
8865354
9060099
8591914
8894038
9091739
9009113
8416054
8881128
8692513
9010286
8252066
8921082
9032282
9509763
8855733
9487030
8908062
9296594
8891812
8504494
8529257
8373664
9002264
8548659
8440496
8597338
8227674
8427696
8463452
8839268
8997385
8737003
8624108
8886132
8897996
8852819
8548299
8536249
9136020
8813892
8604143
8629051
8095637
9149414
8718350
9114575
8676262
8733104
8959227
8868838
8759080
10174416
9733615
8798370
8737371
9050092
8097474
8314604
8478489
8304322
8178639
8517464
8147663
8441646
8732472
8614631
8525046
10580167
11898479
17232229
20015827
20597938
20959078
20255145
20367486
20380892
20144273
20854195
20411483
20588985
20539609
20776030
20102589
20610145
20471532
20613165
20421479
20598378
20306470
20626027
20651167
20218944
20284597
20653324
19918321
20295317
20583409
20565782
20587132
20549651
20328799
20731716
20183178
20477020
19864014
20770328
20892230
20820737
20972719
21034490
21062577
20184802
20902452
20307867
20423203
20689220
20160325
20290836
20205750
20042497
20216025
20225561
20214859
20435257
19833413
20068035
19910347
19919383
20295009
20625609
20039632
20414127
19857268
20216389
20433134
20281240
20095558
20388480
20057013
20790609
20528011
20192978
20268866
20794086
20116215
19988291
20195004
20056304
19865301
20393339
20542109
20983029
20569636
20711627
20988821
21176099
20894800
21075267
20417815
20579759
21023708
20681996
21062592
21126649
20705001
21054738
21271694
21034404
20937422
20942382
21161600
20864722
21237343
21123293
21346897
20883519
20809071
21157276
21769967
21097033
20974564
20652528
21057723
21042905
21448272
21245745
21500909
21322260
21837125
22029435
21034297
21605879
21291740
21517328
21683433
21401496
21291413
21044532
21410197
21486969
21277166
20975178
20405595
21056247
20685928
20568733
20694898
20228210
20660120
20917954
21008735
21037955
20321438
20798496
21005854
20836627
21301690
20463150
20444987
20773292
20562436
20302120
20444354
20534333
20659780
20780951
20486567
20291634
21381817
21124930
20965535
20617252
21531152
21148521
21248542
20475139
21421321
21101288
20729153
20961331
20868813
20947693
20607886
21123593
20870672
21455413
21486024
20897066
21153312
21006899
20912629
21079117
20760853
20702132
21214044
21246041
21359612
21291211
21585837
21201380
21801131
21790032
21529920
21161251
21552207
21265690
21521796
21064543
21600465
20998032
21608510
21123161
21771267
21348902
21954403
21060976
20732164
21125626
21476932
21271682
20795135
20717234
20949004
21524829
20875187
21261424
20737051
21572681
20766764
21454493
20972947
21590498
20626863
21695047
21311151
21380144
21548354
21389035
21728385
21656799
21381904
21663851
21091381
21647921
21146575
21831633
21604478
22026449
21547573
21664000
21639472
21596386
21268697
20952074
21423230
21767056
23008895
21112183
20835107
20883919
21059936
20993219
20692092
20952983
20610621
20949342
20618995
20932372
20848390
21198375
20753051
20900244
20813697
21030291
21022141
20727384
20750005
21171484
20877174
20637817
20797585
20745072
20904668
20889197
21159825
20942801
21301057
20855768
20793378
21145382
21715981
21051369
20910041
21568724
21147248
22065350
21179416
21356160
21548622
21285139
21252055
21481552
21031698
12094528
8522243
8873068
8338172
8604407
8417705
8762525
8470567
8355109
8409570
8438396
8568300
8896254
8666680
8864577
8690500
8436883
9085289
9096182
8577856
8638706
8929922
8731469
8353048
8865702
8560371
8896738
8449231
9030791
8902909
8877210
8726450
9529842
8935800
8999032
8893169
8757405
9044830
8933149
8567694
9188013
8870892
9097089
8689317
9136131
9148402
9320195
9421263
9455206
9221267
8954955
9081007
9002801
8368233
8772574
8741984
8266058
8828456
8988546
8524914
8813807
8752736
9415809
8894243
9318659
9643210
8868340
9218821
9329681
8694190
9226741
9281019
9376779
9053756
8739115
8651993
8787018
8527723
9092247
8775703
8911550
8655574
8674415
8925945
8640494
8760399
8571042
8524180
8440628
8693813
8676130
8989195
8814715
8796616
9016294
8813658
8715456
8582881
8923039
8739972
8862030
8841114
9036518
8759222
8711919
8753857
8703586
8397331
8781290
8376801
8743615
8477996
8852399
8689083
8778559
8966078
8497376
9244424
8486307
8355514
8713485
8322124
8778458
8810801
8411824
8552164
8365570
8901125
8892036
8788197
9000146
9179772
8797411
9333570
9061078
8614203
8881760
8951369
8753495
8894759
8780797
8686184
8804064
8196747
8651076
9144173
8769105
8892271
8487267
8430588
8828679
8738453
8587466
8517371
8177308
8542722
8535073
8672375
8795865
8377841
8763349
8449139
8497217
9034047
8897039
8929196
9056756
8813798
8601052
8105125
7815210
8012793
8053991
8213154
7969464
7836190
8772588
8450531
8858195
8480837
8811231
8566021
9009655
8624374
8671978
8568656
8722981
8442763
8787855
8629270
8646445
8558385
8898514
8731619
8965796
8698252
8965145
8592434
9045258
8929896
8688573
8479785
8701726
8337056
8288655
7954603
8619297
8394502
8218616
7843874
8523401
8162720
8074018
8615893
8271801
8944673
8591967
8561852
8763088
8421011
8327708
8162747
8326434
8372924
8433514
8466680
8582179
8467090
8985124
8394493
8901556
8727960
8643132
8683020
8423842
8440190
8698905
8535336
8535994
8178063
8476019
8735079
8261916
8552663
8377736
8808688
8791997
8443186
8384146
8322260
8791657
8331131
8900406
8115808
8296505
8359664
8322670
8989044
8534061
8838414
8628139
9106889
8951400
9248417
8749853
9615640
9764384
10399100
9565374
8761063
9596976
9597900
9520909
9521118
9070947
9191688
9379803
9087474
9596612
9085204
8846673
9251628
8869710
9410492
8944705
9079865
8883240
8609824
8308555
8371546
8748657
8823516
8899908
9214037
9084566
9520426
8838326
8959759
9011325
8734833
8801762
8815006
9240584
8668143
8994159
8998604
9052119
8590489
8622574
8889294
9202639
9279847
8976884
9070928
8770407
9026227
8633140
8807018
8481631
8637741
8544106
8729451
9021923
8897469
8978089
9091611
8967920
9043638
9182371
8985945
8842542
9093412
9138268
8523097
8954351
8781295
8989443
9261317
8761796
9160174
8988110
9347378
9133028
9524581
9824967
9552682
9457885
9473327
9250488
8950643
8474831
8432618
8822870
8912691
8715465
8629675
8813362
8538069
