5200972
5272861
4956639
5109220
5177820
5188402
5406356
5198554
4811038
5041289
5126431
4954887
5422701
5344454
5225507
5254346
5475920
5298891
5209227
5216263
5464142
5295389
5501516
5534879
5004201
5673698
5370561
5798511
5715193
5617927
5859446
5442104
5954472
5963680
5480086
6007164
5413426
5984850
5855783
5648452
6055102
5916232
6092348
6378693
6098586
6848099
6482478
6872466
7009799
6540445
6877890
6697497
6664385
6971020
6584426
6893278
6666442
6419440
6825437
6544529
6973244
6886617
6594751
7046573
6539968
7023723
6849660
6829169
7024176
6535682
6912141
6777159
6861747
6905307
6526879
6997479
7258728
6937043
6915303
6359396
6845929
6775048
5529123
5594881
5266011
5730569
6023115
5191697
6212228
5874204
5748161
7284613
5846971
7140635
6293216
7139749
6734001
6651433
7104955
6688642
7181275
6998942
6951599
6725593
7438160
6285175
7408082
6337669
6957355
6769718
6273663
7681697
6091306
7469031
6451149
6703958
6819384
6320250
6011664
5734342
5372715
5824552
5211245
5593663
5255460
5242718
5340916
5222180
5413575
5044284
5224214
5121928
5121343
5370257
5036152
5342485
5575935
5520105
5373167
5373253
5493980
5466007
5313164
5408475
5327251
5431549
5501067
5282189
5315616
5149209
5234681
5192284
5453607
5169895
5269638
5130167
5484696
5085674
5189392
5302907
5266573
5222926
5175764
5229041
5282704
5026237
5245117
5346012
5337361
5395247
5507229
5140136
5100081
5152881
5405766
5120249
4982464
4868709
5053004
5053547
5477144
4922010
5397252
5088698
5224393
4945788
5141874
5279729
4935261
5167342
5050050
4938684
5126066
5060949
5116813
5066590
4922730
4892200
4958242
5020466
4954885
4900086
5131109
4864108
5179616
4830123
4847290
5156414
4916430
4722615
4833631
4816472
4974083
5311580
5055368
5257307
5282438
5284495
5148291
5300804
5267494
5239330
5307311
5112975
5314470
5102435
5179438
5266965
4962129
5310742
5434537
4942402
5500214
4879481
5102767
4923741
4819842
5529227
4913682
5236424
5241483
5430352
5383796
5352492
5637936
5176533
5650442
5362484
5731081
5676234
5156995
5909518
5574294
5633689
5567069
5289444
5577858
5551937
5634399
5691421
4996762
5849045
5460977
5424356
5423635
5145063
5590883
5301901
5506792
5754258
5254449
5676704
5265157
5695538
5461522
5126380
5502439
5394377
5377497
5420141
5266403
5565395
5509002
5267254
5183430
5075347
5582427
5264082
5075193
5397701
5199087
5411420
5468247
5430166
5600574
5293806
5411521
5444339
4970916
5767312
5288449
5471649
5391750
5314323
5372101
5371151
5484392
5365529
5470863
5506904
5500093
5394064
5107585
5143879
5854676
5750124
6096469
5809401
5685906
5533550
5984036
4924518
5929012
5091755
5886267
5529719
5451444
5347894
5203948
5143888
5261714
4543875
5529309
4961688
5292773
5181764
5131832
5468446
5115691
5307519
5395524
5174115
5410306
5078166
5528569
5320730
4870692
5911287
5183505
5503051
5246843
5194166
5594186
5126264
5360821
5408813
5223377
5958016
5371206
5754775
5536307
5332916
5812293
5611896
5718162
5808387
5636964
5864502
5449870
5756813
5650364
5433295
5791140
5663606
5829763
5469090
5594284
5859831
5788939
5644071
5688383
5835757
5850634
6131926
5961096
5948263
5426205
5332060
5483198
5461838
5570799
4982406
5262497
5149025
5558003
5540908
5257945
5476079
5450786
5348983
5211861
5262999
5100353
5405432
5309049
5488536
5480664
5320254
5450540
5209545
5361561
5470716
5177131
5089546
5433400
5064777
5154728
5260601
5164143
4958634
5198183
5245950
5377890
5482553
5053296
5496096
5423280
5553656
5472605
5316664
5359755
5254954
5199652
5573265
5315128
5532816
5592834
5308533
5295888
5361972
5487786
5301273
5255724
5388560
5347977
5431770
5406951
5530876
5284090
5203816
5335952
5280403
5141919
5109900
5260601
5030945
5271452
5021823
5098677
5325442
5113348
5164074
5221086
5473424
5252516
5455181
5324021
5328856
5458785
5259784
5257500
5313184
5172022
5256690
5199908
5126586
5186101
5359366
5163855
5169265
5339224
4957486
5539579
5352675
5529148
5242691
5301579
5650849
5411977
5442639
5587100
5016429
5442727
5052561
5575171
5029623
5419919
5143892
4920580
5273027
5012982
5165517
5227214
4892186
5591759
4961385
5326591
5314983
5029471
5107997
4907391
5180901
5162908
4836949
5582186
5126687
5416081
5853919
5267217
5837025
5409896
5779103
5898425
5089110
6115212
5459613
5848409
5911576
5344052
5796938
5710376
5866259
5740933
5386290
5789710
5320707
5970161
5899859
5220052
5932352
5314266
5970855
5964866
5519603
5941810
5634661
5827885
5828916
5410668
6002151
5332516
5787465
5600680
5580646
5988951
5531326
6129866
5932589
5857853
6023045
5538317
5968581
5575604
5659590
5708847
5647122
5512316
5589265
5611710
5376844
5327660
5464627
5211835
5532804
5422558
5111106
5341534
5175622
5625221
5212468
5311278
5141213
5044839
5256484
5237974
5197620
5164316
5040395
5444835
5268181
5412059
4930525
5354273
5109256
5045371
4895217
5207808
4858618
5152406
4980444
5105518
4994563
5265601
5056340
4914299
5003464
4992838
5251888
5407808
5029594
5054850
4983001
5228617
4657171
5101805
4865053
5058719
5132209
5359869
4985305
5373162
4840190
5271381
4931277
5293369
5177975
4973917
5060145
5160558
4829644
5224729
4685340
5170350
4943355
5096909
5134700
5085812
5332623
5364483
4793775
4980737
4883575
5204065
4781423
5132567
4956795
5291027
5071363
5134089
5069115
5567983
5156930
5453413
5075964
5277028
4998847
5190176
5439227
5389792
5212626
5383981
4990219
5534583
5264211
5347880
5271742
5579595
5387344
5471569
5509515
5144045
5333842
5048058
5337686
5213621
5605472
5238094
5417653
5454464
5259376
5346705
5267691
5268552
5205918
5439140
5344903
5475096
5434378
5516205
5461732
5055196
4935172
5094324
5218353
5253019
5239753
5336815
5241467
4960494
5280873
4899720
5469139
5015563
5477270
4941758
5221144
5148938
4965754
5147350
5116978
5304229
5058322
5022584
5367347
5318523
5184499
5340846
5193264
5488867
4922739
5401379
4885939
5371335
5029452
5037987
4958965
5088451
5051196
5043504
5028008
5040763
4740745
5233133
4940443
4983962
4933212
4852352
5080785
4750254
4828717
4911799
4665262
5018598
4490129
4968399
4506764
4881180
4985092
4880898
4823870
4752836
4939181
5062029
4682789
5025078
5200976
4987883
5097580
5088193
5143713
4947357
5076560
5227041
5031221
5348663
5096785
5460468
5378320
5275558
5301784
5409393
5435564
5543747
5543337
5890376
5285751
5693804
5769745
5427154
5941872
5270973
5857915
5606631
5453822
5995623
5479751
5643550
5844411
5643758
5460864
5479310
5470963
5788721
5305020
6002231
5534270
5810731
5917579
5582752
5835332
5486998
5270060
5834869
5265813
5670279
5511388
5535980
6147520
5968987
5570812
5814309
6009576
5880363
5923508
5679740
5835004
5535113
5882107
5797315
5540524
5732898
5193000
5669349
5395506
5386927
5374643
5141356
5533911
5092539
5240744
5458714
5209323
5191113
5363285
5036628
5279793
5100990
4973347
5021556
5439302
5013535
5097630
5058051
4993082
4819001
5278136
4969850
5396685
5068905
5273010
5510775
5291157
5077630
4866516
5038678
5248150
4891518
5137255
4954555
4970895
4994716
4959660
5089546
4966903
5013673
5274809
5118762
5424456
5145136
5321721
5143048
5235281
5302323
5009481
5212350
5222409
5275396
5213479
5403807
5309239
5238782
5288192
5236654
5133335
5309824
5234816
4995939
5348787
5297343
5096875
5137011
5154818
5035507
5060102
5277390
5012170
5164171
5596777
5118986
5625051
5495221
5521185
5395209
5402990
5516146
5362516
5470995
5412536
5306525
5481123
5080060
5443549
5171679
5158697
5509339
5057012
5380018
5682922
5190953
5544440
5070795
5474066
5153349
5105104
5328591
5091812
4892456
5398221
5129216
5322584
5083354
5529756
5322895
5521424
5232654
5319046
5365788
5584178
5437382
5442492
5311742
5428226
5167044
5197535
5457050
5165215
5089902
5047071
5447137
5275262
5364837
5256900
5344203
5153913
5192842
5300948
5149009
5214652
5540226
5500032
5137132
5230180
4989889
5367937
5266112
5520265
5416536
5327472
5769837
5483169
5450700
5119939
5282552
4962292
5397669
5235971
5232121
5226755
5685506
5417021
5456332
5055829
5366805
5421048
5168025
5256526
5164929
5232021
5301149
4935140
5302485
4811130
5567245
5026536
5084552
5321606
5021928
5459237
5438411
5060656
5537042
5220879
5244218
5225926
5223374
5198710
5147201
5361543
5188451
5224264
5237902
5334721
5092481
5224745
5164025
5292104
5116185
5189304
5259707
5161044
5240336
5170549
4965266
5161415
5081259
5234358
4907911
5653476
5456929
5173776
5593552
4995619
5234299
5243296
5663548
5176984
5419225
5436582
5526920
5277386
5324682
5091286
5212304
5087349
5707392
5062329
5469187
5390253
5119527
5171692
5358723
5146429
5096394
4941332
4876838
5194127
4990588
4894394
4998871
4924283
5295583
5098415
5182135
5244316
5173017
5280481
5306989
5279271
5508184
5141926
5739361
5137225
4805938
5327260
5025820
5147425
5286056
5124684
4879927
5019252
5148615
5192185
5258977
5459466
5349853
4983692
5487261
5318335
5458484
5006627
5186181
5439449
5343319
5457097
5403199
5527062
5482283
5479146
5564632
4930464
5309951
5206463
5310353
5207697
5306112
5071231
5437248
5347093
5443804
5466333
5280835
5342290
5101694
5393899
5067816
5356385
5002436
5341475
5188543
5144554
5361038
5265518
5167061
5308471
5258561
5257924
5172563
5126796
5394643
4968072
5279431
4715305
4941851
5180673
5014827
5134096
4910002
5302304
4961219
5206668
5268796
5232760
5496688
5198706
5335886
5157423
5429669
5502632
5024615
5960027
5375286
5270177
5582032
5035546
5395623
5103960
5230103
5236226
5082879
5145397
4857372
5141277
4898158
5032561
5015744
5303664
5057726
5135065
5005988
5218702
5189559
5159540
5233413
5332188
5154222
5194796
5241498
5305273
5337396
5016824
5053054
4982720
5271131
5205445
5498342
5157729
5354005
5280408
5578414
5168381
5188891
5384615
5112599
5236353
5060656
5347738
5246056
5281809
5181492
5157621
4950220
5411370
5061827
5320012
5057388
5366833
5532269
5073742
5867681
5305446
5333000
5599043
5373504
5405555
5343790
5309022
5475127
5499057
5540701
5309688
5512694
5258855
5125229
5415633
5425795
5222215
5379412
5070668
5520557
5323587
5322672
4758882
5379996
5127834
5139743
5349233
5088766
5337323
4990297
5314294
5398771
5255718
5097093
5039662
5236365
4872943
5159813
5417833
4880419
5487277
5293373
5598792
5177698
5340344
5174620
5560794
5102262
5399489
5473652
5489807
5259257
5347989
5176504
5234550
5580105
4961877
5155389
5520138
5540125
5950319
5470082
5840717
5572991
5488152
5553168
5723810
5583634
5380193
5808376
5425376
5474898
5321770
5427789
5228361
5684957
5466705
5676700
5703132
5252329
5572934
5461251
5149768
5750514
5267289
5365007
5189821
5439790
5320936
5319576
5723393
5622460
5473033
5838533
5684335
5476249
5678575
5846710
5690104
5536080
5991389
5483625
5602159
5685036
5542701
5969229
5616787
5433078
5888704
5322862
5646098
5120345
5378696
5599391
5544692
5276509
5550089
5552588
5551642
5594148
5787195
5623227
5774758
5444428
5814018
5453180
5728929
5688699
5787621
5748407
6006735
5726759
5751419
5879332
5786404
5578256
5772505
5895894
5956791
5665392
5674496
5976400
5562071
5858563
5747318
5205370
5431046
5638284
5415915
5707766
5617854
5734309
5423264
5267093
5590215
5165826
5373265
5304797
5655116
5674479
5358031
5522160
5495494
5250824
5417142
5434813
5284008
5696059
5515159
5530819
5236543
5726388
5365672
5586572
5950440
5455598
5636715
5501760
5363276
5636026
5604745
5839840
5714351
5954071
5765901
5538099
6146977
5844746
5891352
5978694
6085274
5988452
5509607
5919951
5785377
5833581
5647432
5873034
5691746
5542829
5492313
5517982
5547052
5482431
5487178
5800902
5176889
5900096
5389462
5691227
5446993
5972052
5351906
5513965
5514451
5553452
5403230
5518162
5076760
5435089
5397809
5390215
5556806
5741795
5216685
5233800
5128986
5243010
5555191
5396301
5426069
5367382
5222886
5243973
5568455
5180003
5133527
5189605
5315084
5549109
5457669
5367659
5638498
5275900
5248982
5333707
5495498
5474324
5443994
5395903
5659242
5289510
5334610
5295172
5076401
5393914
5135095
5321028
5130498
5339468
5419584
5221223
5273387
4837160
5317105
5120417
5257643
5078217
4946903
5101588
5107110
5116652
4690305
4947716
4977184
5225700
5036213
5243458
5022863
5153529
5337379
5221782
5057155
5341184
5182455
5419656
5647408
5430630
5490102
5375787
5646025
5427000
5487318
5382309
5348181
5508970
5356964
5595361
5234678
5450165
5605413
5739925
5456146
5228622
5379041
5450437
5408795
5621173
5438830
5565705
5342577
5679752
5271705
5380444
5496036
5537871
5335381
5696937
5551742
5714387
5506645
5420647
5690562
5515754
5383866
5348869
5620911
5529291
5563689
5389772
5473620
5180172
5574614
5611194
5298557
5708508
5393817
5682659
5532444
5703225
5676339
5709089
5350200
5813683
5377271
5889520
5398004
5776267
5389721
5612853
5688433
5411109
5758166
5370046
5775416
5353119
5441871
5806627
5647484
5829258
5799854
5568076
5410281
5239626
5566252
5619489
5588459
5506290
5246271
5735786
5398168
5585212
5545838
5166434
5581618
5405178
5221841
5386006
5490436
5420285
5446178
5456345
5368557
5254047
5536229
5170357
5484586
5231562
5042501
5511585
5223212
5264270
5365335
5165462
5187431
5092314
5335620
5159022
5096604
5513770
5275614
5221241
5328493
5251255
5782256
5070980
5177500
5215429
5441588
5637959
5695843
5470524
5368828
4988899
5593149
5207402
5687394
5266248
5813083
5237072
5535856
5480665
5511577
5330009
5524350
5498495
5423259
5357275
5155916
5218594
5457855
5415343
5220577
5580612
5257065
5452861
5521848
5222568
5277447
5311175
5693278
5385594
5367366
5450927
5567692
5526112
5543343
5611365
5781598
5425309
5567530
5599662
5329966
5323854
5109662
5740619
5443472
5509273
5744211
5388100
5573660
5549636
5639688
5654568
5434452
5531679
5310502
5377724
5452998
5365339
5736517
5365635
5571245
5355791
5205806
5283181
5274863
5626023
5455175
5370509
5561510
5665580
5280463
5425109
5258408
5734534
5672311
5443319
5321252
5715299
5566875
5761913
5582851
5727067
5497604
5566307
5883203
5333865
5911284
5523373
5405821
5337085
5332231
5389553
5188620
5266198
5157182
5615444
5419600
5220168
5505224
5509880
5801982
5596206
5379133
5563390
5397961
5688185
5366021
5769657
5340083
5688410
5579871
5722267
5489913
5577295
5382268
5381721
5741609
5310102
5847038
5445609
5541880
5088545
5132851
5556775
4894467
5488980
5011031
5370268
5579360
5355389
5474063
5057952
5516429
5457643
5164341
5145545
5384339
5232894
5426003
5642380
5404516
5318222
5174752
5495185
5392686
5243165
5354196
5436901
5473823
5188669
5662590
5361289
5420156
5421067
5312642
5586715
5594944
5499087
5628373
5415835
5469239
5337281
5419355
4908875
5453211
5383566
5455281
5440327
5406670
5263592
5382462
5282706
5088792
5257513
5229236
5377744
5287345
5333579
5303728
5188008
5324329
5375524
5385758
5373992
5201389
5418980
5296002
5114365
5137763
5320034
5293224
5167282
5443642
5253924
5630749
5186370
5496013
5154894
5570891
5425701
5310538
5067279
5312476
5260525
4627508
5338114
4901384
5185866
5177993
5178946
5203121
5279390
5107145
5141413
5126744
5169622
5226011
5356649
5235936
5373491
4906933
4909298
5141297
4891776
4983680
5157795
4818759
5332423
5362346
5084189
5383796
4851075
5541779
4989325
5390884
5232615
5060680
5244204
5284402
5339926
5002568
5015817
4820693
5163016
5325758
4448863
4674292
4824510
4596618
5041235
4902198
4605409
5049415
4793033
5371716
4873129
4972421
5310873
5081723
5598381
4844671
5256879
4946289
5392543
5204838
5019092
5213218
5204315
5209377
5673407
5182596
5256245
5212972
5206413
5658779
5222896
5420249
5592049
5329539
5365135
5082851
5370342
5140510
5024090
5230308
5146646
5326147
5286385
5399203
5436763
5283494
5093391
5406397
5359531
5328882
5305506
5290871
5501853
5235736
5494784
5389977
5336156
5341674
5368384
5325181
5305127
5424682
5546278
5334724
5870509
5162066
5608010
5222091
5472185
5160052
5409438
5111812
5440081
5380101
5070241
5264884
5127504
5027783
5118078
4993280
5215794
5141743
4988670
5250887
4837816
5500893
5059142
5451488
5650041
5083861
5484889
5521988
5537555
5130108
5416105
5446669
5136237
5525372
5366207
5536148
5523468
4966430
5362441
5181060
5184491
5282840
5034108
5067925
5184538
5213854
4991624
5275837
5221797
5083711
5102073
5279915
4874840
5082196
5565583
5160344
5261449
5353639
5255637
5460480
5078908
5255708
5242748
5517985
5261367
5334520
4984795
4900536
5238199
5104073
5241890
5275766
5169671
5277468
4863866
5369810
5107049
5323811
5289585
5151357
5559146
4949133
4950758
5445625
5064157
5239897
5042205
5379285
5378927
5184095
5425036
5446462
5161577
5452823
5704514
5382111
5805740
5205640
5389421
5385347
5834936
5359828
5510005
5164494
5623544
5509035
5290119
5896418
5340415
5660008
5595490
5140449
5690575
5303364
5655517
5332615
5445567
5311959
5104428
5352915
5142952
5267426
5487373
4981514
5426055
5182458
5619691
5348351
5255304
5327935
5476102
5417787
5322752
5301368
5491094
5243080
5639280
5412697
5349073
5687280
5368523
5639110
5314799
5185430
5324980
4945443
5461728
5075551
5136141
5075273
5223799
5296005
4992544
5065956
4959756
4880610
5117213
4909397
5005421
5194635
5146870
5087152
4809348
4797119
5091677
5307109
4999355
4865328
5148335
5041312
5285682
4778842
4888575
5350284
4858461
5228109
5281582
5053951
5294837
5543587
5528765
5353336
4946097
5520828
5076842
5491131
5161906
4944746
5303712
5425036
4838103
4857388
4792867
5057337
4910740
5081908
5299893
5203756
5135014
5277542
5256615
5435771
4965146
5284457
4893125
5186266
5014254
5127159
4981900
5010891
5216965
5264984
4981842
5159425
5121177
5159327
5439478
5136026
5226252
5257046
5347047
5207839
4962572
5009868
5015951
5253695
5378499
5399153
5243754
5533915
5083072
5319699
5186125
5114388
5192014
5349250
5368602
5173830
4933646
5356620
5195040
5141501
5149929
5201824
4979084
5180125
5336770
5235408
4984750
5619381
5284742
5493227
5022720
5098285
4894731
5130287
5114851
5308201
5248086
5374962
5418201
5378737
5377205
5330740
5398278
5301497
5212784
5376338
5124309
5137388
5482747
5326835
5233564
5337485
5588554
5158813
5219865
5034168
4971451
5252292
4835606
5197107
4895071
5260187
5287696
5191181
5160933
5074793
5111769
4864298
5051909
4761764
5053676
4812696
4820457
4779480
5037670
5326689
5184057
5239255
4978673
5088419
5009373
4908172
5092901
4824968
4978523
5045133
5117845
5041914
4862631
4973269
4922507
4777466
4773574
4896029
4839536
4848727
4943631
5228351
5056489
5153450
4935042
5025234
5207379
5202617
4967689
5051912
5462613
4938486
5228146
4878517
5008910
5127202
4759618
4843863
4832823
5156484
5065485
5343986
5293833
5195825
5513437
5196039
5655890
5190286
5312442
5196434
5142489
5002016
5271825
4925391
5260025
4746713
5519808
5254819
4943154
5513637
4998115
5762689
5327834
4962173
5280068
5159516
5482358
5196167
5158459
5135215
5075595
5324645
4971733
5236724
5216699
5040832
5215945
5289143
5133401
5056325
5020342
5299640
5179057
5563872
5190734
5176198
5570594
4996160
5446499
5391602
5393161
5503191
5326913
5610796
5431915
5214014
5287081
5337123
5867093
5156999
5686386
5599305
5607372
5834887
4941438
5451152
5067729
5364316
5262156
5106026
5249089
5372271
5693846
5474881
5011276
5155928
4929933
5114032
5462476
5401176
5374996
5431305
5438673
5418446
5193664
5405964
4963967
5469010
5569129
5234637
5339391
5509798
5482615
5250435
5128082
5518347
4713956
5163929
5214526
4932680
5130665
5074731
5190770
5265171
5265348
5281218
5382961
5415968
5346296
5488649
5650976
5396525
5490699
5371466
5685240
5416878
5412578
5590904
5373548
5481982
5545725
5746001
5651451
5303399
5264623
5072140
5392852
5375930
4995316
5307199
5525603
5213277
5375243
5268113
5439097
4810095
5416642
5390031
5186150
5328063
5505623
5476872
5591117
5494730
5260266
5334073
5246395
5365445
4995097
5616600
5412478
5435468
5160376
5199382
5253833
4999253
5324174
5299477
5075979
5692994
5528966
5328396
5018270
5206337
5086270
5230673
5238010
4876257
4970052
5025390
5078435
5125153
5047250
5014050
4926437
5076380
4858534
4838788
4890722
4838084
4992995
4982172
4845912
4889586
5154718
5204883
5073110
5202575
5101203
5338902
5420665
5256430
5175725
4862930
4957066
5293034
5115702
5118114
5155389
4903519
5247212
5036624
5050674
5176387
5092952
4759822
5018246
4614274
4723515
4633461
5054279
4860730
5093782
4699162
5240228
4617326
4928846
4904185
5011871
4946948
4647706
4861780
5121047
4621392
4905060
4845094
4998143
4626692
4789853
4847372
5040784
4773824
5256937
5004833
4919764
4759455
4762201
5004969
5134351
4891072
5070471
4887035
5249365
5182586
4879978
5194010
5168509
5368654
5026335
5404604
4853403
5278266
5109807
5188627
4848036
5083652
5329902
5261612
4981953
5144077
5128854
5228549
5756317
5521012
5142794
4971697
5158479
4958907
5205948
5168999
5149870
5038639
5324362
5278762
5339056
5203153
5458320
5343088
5320297
5033189
5116204
5160167
4790458
5237774
5063774
4979110
5296678
5432856
5169725
5479424
5372560
5622054
5548690
5458171
5578323
5385509
5778071
5278131
5136605
5651051
5307798
5629208
5455035
5833787
5429343
5488837
5605901
5757165
5512303
5590857
5532250
5776827
5782277
5841960
5717867
5852733
5500409
5648367
5596798
5627570
5846134
5759372
5788964
5564827
5526435
5547277
5683649
5413879
5735131
5538571
5356047
5754779
5447434
5491891
5655994
5288973
5348402
5424463
5356129
5524660
5055536
5546607
5495307
5659486
5377492
5049605
5197061
5386590
5324886
5162760
5591060
5320072
5768211
5656968
5232163
5549500
5522729
5365196
5512807
5746617
5815223
5881948
5823934
5633006
5549958
5464513
5688553
5559760
5628213
5710706
5339038
5574923
5432208
5656147
5701793
5221327
5344500
5377098
5214427
5316404
5164805
5447595
5253034
5502545
5620967
5317944
5539298
5611686
5467728
5496620
5206242
5277735
5270614
5332658
5393445
5265052
5185984
5270054
5523098
5005100
5479952
5239818
5246264
5371837
5337920
5243362
5028550
5078895
5113037
5370836
5506903
5510181
5492109
5476968
5516066
5350322
5366014
5407580
5133660
5437898
5280847
5467013
5435956
5322694
5648251
5286908
5580302
5121385
5442184
5475622
5389411
5390790
5390822
5388206
5357142
5456511
5531507
5251548
5364256
5500902
5387496
5624907
5551526
5422359
5371341
5274388
5412759
5173753
5280007
5245415
5093202
5386323
5072603
5035512
5163367
4925231
5415022
5254189
5174837
5220557
5010167
5271147
4887566
5240987
5215922
5052330
5288043
5185066
5180665
5181633
5018113
5566906
5315083
5407415
5143723
5196530
5511256
5078323
5397752
5290407
5592720
5301970
5352111
5162536
5304792
5033720
5252779
5312875
5013583
5396802
5083505
5362652
5406199
5415593
5373675
5184991
5247638
5254755
5279450
5010340
5135155
5055501
5368936
5145433
5152436
4819724
5059960
5086197
4934827
5324231
5238985
5187513
5136726
5232022
5104580
5252322
5102892
5153304
5223884
5029724
5445345
5039530
5504248
5161654
5359921
5350349
5003346
5330589
5057893
5290753
5178732
5240087
5304847
5459196
5322276
5158016
5220599
5409810
5144387
5163676
5355739
5207162
5286094
5336709
5185421
5421466
5367308
5016807
5355250
5229509
5181275
5144735
5189056
5100058
5179006
5056985
4983991
5174502
5318811
5212788
5049426
5353012
5102764
5124255
5330968
5157390
5133335
5283620
5266728
5382936
5313830
5324125
5511472
5223443
5269385
5124798
5453182
5311595
5465434
5470940
5083026
5349525
5547361
5115795
5315497
4915910
5099662
5144032
5059344
4988920
4878154
4875160
5180686
4891526
4763981
5137814
4899430
4841460
4795555
5046003
4793446
5227354
5215991
5127329
4902863
4954890
5025917
4747763
4749039
4965439
4905172
4819714
5162842
5138545
5016588
5287692
5020052
4926714
5077936
4955313
4914088
5129381
4983223
5294909
4998073
5253402
5107249
5137071
5324897
5273203
5273895
5142417
5315188
5566195
5345616
5313738
5025551
5232594
5308491
5228522
5451933
4741308
5488834
4927710
5139794
5372141
5107293
5105363
4937184
5111312
5129876
4987799
5567074
4861310
5187573
5068606
5129813
5194917
5224268
5627160
5437914
5658200
5560554
5542383
5972987
5151766
5629431
5412901
5256595
5558026
5483208
5099236
5454658
5252621
5431913
5113575
5720061
5331201
5290324
5371789
5405370
5487465
5509359
5198363
5300785
4891308
5189065
4968643
4871288
5404227
5064999
5241511
5070944
5116384
4825723
4953414
4855723
5013515
4761997
5247036
4975727
5075635
5061859
5408258
5378511
4897930
5185987
5198042
4995905
5184216
4654691
5033777
5015439
4686551
4586596
4513867
4735746
4593391
4353704
4764803
4624063
4727335
4353388
4794889
4696205
4496921
4574102
4295607
4530969
4694186
4694059
4714172
4707945
4871230
4310338
4391575
4806861
4440225
4657134
4661835
4607540
4442483
4532039
4276319
4583523
4176103
4348905
4270023
4783703
4419585
4670120
4626843
4766536
4735831
4533763
4501052
4317999
4373372
4445350
4188504
4353361
4362925
4625577
4355961
4532026
4252911
4484450
4437324
4549831
4560633
4300895
4657252
4381200
4541444
4650670
4234221
4530999
4220449
4378489
4563671
4668697
4468931
4527046
4504866
4545647
4615324
4868425
4374291
4689542
4451415
4675140
4284435
4727788
4241328
4685116
4518323
4439279
4712266
4553840
4707232
4505885
4393137
4425044
4489973
4513622
4355075
4429682
4284838
4742337
4208092
4544800
4360568
4517646
4524772
4701056
4484987
4496494
4739268
4506524
4759982
4372751
4497658
4207703
4637755
4470416
4483894
4443789
4247869
4251684
4239807
4219474
4481175
4143021
4649816
4274527
4222310
4371605
4486355
4567658
4461251
4444175
4793138
4645803
4841869
4593031
4924155
4971580
4603135
4889803
4884409
4409939
4985223
4307512
4737523
4435045
4394655
4547047
4350060
4363726
4461186
4401854
4555735
4502463
4485104
4310724
4039016
4113836
4150243
3891414
4267790
3860951
4185810
4224459
4146250
4173487
4138906
4324370
4221659
4057824
4260892
3690979
4325787
3995160
4296114
4009225
4158412
3906970
3938412
3951263
4185468
3726173
4307866
3842276
4198763
4312415
4446379
4185073
4207524
4169826
4293716
4133159
4456727
4293063
4305694
4039159
4179304
4099034
4022412
4377912
4125105
4065538
4090959
4400347
4438348
4493455
4532760
4134831
4382331
4347423
4477231
3964667
4224441
4229915
4062453
4309468
4236918
4252635
4225008
4271326
4381381
4555870
4228922
4513789
4291225
4268448
4280195
4167694
4316516
4327465
4232363
4390522
3976309
4221648
4299219
4073690
4629975
4096910
4405081
4222296
4375846
4391489
4165259
4243649
4331982
4426701
4122186
4315776
3946693
4673664
4128875
4291648
4300363
4421822
4282901
4826050
4042313
4677213
4076370
4367729
4503896
4059921
4631477
4191569
4758697
4570561
4043526
4483281
4135982
4463199
4169193
4361441
4462393
4245815
4575263
4543041
4077718
4411076
4393795
4341355
4212716
4300059
4119208
4084362
4191607
4189207
3839582
4130600
3982591
4058947
4154974
4030015
4334834
4037535
4353008
4289969
4182963
4277299
3999656
4155719
4055622
4276850
4421902
3923548
4192697
4572775
4095896
4375485
4097204
3967591
4557443
4236113
4620558
4224196
4234208
4567700
4184533
4975182
4556813
4366060
4647036
4021570
4605190
4021327
4464851
4340621
4486830
4552214
4217851
4307966
4436310
4228649
4087538
4266940
4249707
4313427
4043453
4239927
3956602
4297815
4422594
4392534
4649586
4492926
4967187
4438867
4427901
4576212
4095586
4401149
4197644
4615685
4314199
4087322
4172594
4265854
4333086
4248905
4352158
4300768
4351650
4348644
4196326
4017391
4515553
4312902
4521309
3954672
4368851
4293528
4442399
4175960
4372467
4198683
4203322
4564977
3988666
4201175
4265877
3940099
4376930
4382828
4078696
4435876
4030894
4620898
4034825
4369939
4159719
3818928
4469940
4017664
4429220
4288375
4311282
4506653
4292095
4802941
4226054
4350008
4480546
4174433
4611780
4263049
4228570
4184985
4503855
4214389
4190035
4320654
4580309
3714870
4072316
4259561
3954968
4071857
3780758
4179754
4099340
4127150
4198862
3808935
4198990
3888621
4294935
3953329
3855877
4159155
3726622
3996827
3879012
3955546
3944704
3906854
4073388
3945257
4158217
4245100
4278998
4026287
4122823
4239777
4440627
3982366
4351117
4137643
4274676
4244465
4193794
4251923
4656325
4302346
4573929
4214773
4265305
4679381
4371905
4642339
4395470
4524328
4228350
4455151
4269042
4344899
4405448
4183939
4338702
4396688
4293537
4250697
4255632
4032071
4173066
4277907
4320964
4572570
4374894
4793775
4074678
4358079
4365050
4283170
4575330
4080974
4821895
4347419
4382131
4418032
3898792
4639623
4194003
4735585
4144063
4448581
4758597
4207049
4393872
4399788
4293682
4265456
4395108
4436764
4408553
4269334
4804352
4376735
4720498
4306030
4604936
4395033
4159483
4689158
4329610
4504357
4659997
4183683
4801950
4404613
4473386
4165008
4321028
4613577
4368220
4623067
4603458
3798256
4394263
4042372
4552117
4283724
4298049
4290005
4352521
3943519
4534328
4095466
4506381
4422217
4339990
4588885
4064096
4436379
4359595
4612895
4317470
4192042
4280615
4410141
4283210
4277449
3973965
4134447
4292597
4449054
4554176
4449788
4452714
4620584
4356212
4198078
4822718
4209138
4576500
4137859
4272591
4601006
4261200
4733152
4303135
4715199
4585478
4543432
4755193
4381545
4821787
4641150
4765148
4653024
4365236
4320294
4438358
4377861
4385588
4238614
4751057
4681442
4534395
4557943
4336536
4623657
4430579
4434999
4603091
4238784
4649339
4189429
4418429
4127856
4308854
4071764
3830507
3965637
4155113
3686913
4255451
4045839
4127183
3990233
4107667
4475142
4402586
4152898
4876146
4112269
4353826
4433642
4402180
4330544
4380960
4082373
4433581
4079921
4257122
3921588
4616507
4457282
4407238
4224308
4604670
4422805
4523991
4376507
4409347
4410456
4353109
4383913
4390818
4577657
4367433
4728969
4155163
4422534
4187531
4090069
4313311
4192935
4216533
4470623
4286860
4398418
4447950
3892191
4436369
4252455
4344018
4327478
4418177
4048566
4485009
4177045
4408863
4377693
4266639
4236289
4331596
4190050
4462612
4247398
4473657
4120105
4533155
4125534
3761692
4240291
3880336
4341582
4036081
4133481
4195254
4382925
4421528
4131496
4168841
4425096
4148064
4238685
4107500
4295857
3942873
4081121
3861442
4096100
4392638
4216919
4426049
4058070
4291372
4177027
4261074
4019066
4166136
4076428
4202334
4138409
4597192
4370788
4210866
4724629
4216160
4307000
4255191
4100388
4506284
4256515
4157050
4205235
4240661
4286474
4265496
4244425
4380582
3897916
4541402
3934394
4445967
4195732
4008901
3978671
4109348
4359965
4230774
4147673
4275690
4091859
4279503
4005403
4330368
3908168
4214503
4166347
4202310
4056075
3988147
3911284
4216519
3968352
4030016
3730910
3848451
3976185
3810217
4117431
3822606
3832353
3937080
3836060
3986341
3517391
3984905
3690008
3692012
3995601
3726318
4117541
4100281
3955598
4055365
4053333
3886522
3983557
3802937
4075303
3989756
3841233
4020058
3693758
3914190
3704628
4011689
3881816
3753646
3793938
3933312
3906382
4276052
3832427
4017220
3939675
4080556
3966209
4050336
4304755
4004583
4006294
3574214
3896862
3973559
3676712
4162507
3821150
4040444
3921747
4101004
3963017
4000962
4098969
4097358
4047268
4248679
4118417
4075490
3998345
4044810
3892927
3828071
3913104
3887238
3955156
4035646
3683694
3943828
3517324
3902080
3778120
3648376
3799782
3779429
3900785
3752821
3934580
3743812
3790876
3981096
3742860
3844435
3817261
4056981
3866577
3636872
4013366
3750835
3639670
3753828
3502943
3833430
3518925
3852564
3949849
3797171
4029894
4114866
4030441
3993085
3733099
3969419
3972806
3863911
4150481
4020821
4275676
3800758
3870039
3818908
3848418
4050757
3779958
3915979
4101192
4166681
3719863
4176845
3938159
4131642
3933972
3816302
3852589
4017988
3846817
4064896
3801425
4269736
3784788
4024583
3883854
4035606
4147765
4059213
4351007
4093195
4138102
4095650
4361771
4294422
4292656
4074934
4037263
4094794
4118845
4253151
3932608
3826859
4305345
3939995
3980755
3896679
4261616
3839355
4055073
3918344
3952849
4458303
3916581
4036952
4104414
3990258
4319654
3897002
3996445
4350596
3838057
4379856
3898501
4217044
4066936
4569857
4252448
4152350
4123889
3819632
4331371
3868094
3918095
3792409
3713842
3883901
3706147
4066191
4074447
3970517
3964455
4233355
4283829
4081269
3909429
3879209
4047591
3855708
3859764
3847492
3895161
4131931
3799404
4117682
4006870
4001861
4152196
3856625
4357384
3867216
4355873
3930431
4000827
4195766
3964957
4344535
3841047
3726677
4025734
3686500
3995538
3842897
3508583
3869149
3482272
4145616
3922406
4017838
3809037
3729259
3737618
3556549
4028340
3694732
3875431
3651400
3838454
3515429
3864750
3698446
3686496
3890775
3768075
3954843
3452133
3998334
3477169
3846278
3626088
3467447
3997262
3704826
3671008
3731342
3804262
3833447
3655090
3617484
3490609
3873863
3468421
3990452
3614460
3606817
3930586
3512600
4152752
3527048
3866338
3503986
3476631
3657526
3621575
3857058
3641192
3660004
3752349
3644424
3926469
3772786
3748610
3959357
3675890
3568043
3565715
3895411
3726487
3640667
3929563
3968827
3748456
3926942
3711386
3768893
3951559
3872706
4038489
3885502
4249105
4034417
3723112
3817766
4000696
4105626
3703718
3924631
4003190
3409288
4177274
3373160
3801341
3588626
3802893
3622814
3677823
3691086
3560105
3529552
3805144
3765907
3874112
3975640
3614806
4071223
3651612
3806878
3827695
3584160
3903366
3699822
3819881
3925337
3971832
4113595
3672247
3732078
3962189
3740459
4057438
3721305
3982381
3920662
3703973
3916679
3665699
4022439
3785784
3963046
3902380
3807265
3490773
3611798
4025512
3908290
4034603
4058304
3854502
4085659
3934991
3780560
3834655
3731796
3857533
3957445
3712124
4047123
3763757
3716282
3945272
3249346
3788654
3378265
4030050
3526512
3742282
3828473
3521504
3943359
3715264
3835143
3616306
3569905
3541635
3625770
3676357
3373181
4182291
3665080
3903598
3521942
3947265
3994630
3569975
3983592
3501252
3914498
4087317
3668438
4181823
3709819
4227977
3957805
4272900
4607632
4599794
4530099
4004000
3669267
4015274
3708876
4253884
3882262
4620452
4042313
4411041
4364011
4174824
4399044
4230830
4497156
3874346
4350099
4289379
4095437
4139914
4039878
4208083
4146869
4120666
4199745
4251562
4382721
4283691
4397993
4232053
4315261
4287888
4483870
4184528
4207806
4088822
4583648
4456266
4435609
4153473
4346085
4248193
4363394
4581674
4106906
4488858
4022947
4590635
4260405
4335491
4238425
4287005
4241881
4368020
4471426
4502747
4373626
4755155
4531376
4698825
4235312
4628418
4394771
4746437
4467213
4401942
4385503
4566096
4371782
4199069
4271193
4535306
4226970
4725520
4541273
4302210
4393192
4584723
4320937
4354994
4753188
4247452
4785133
4055556
4457167
4187845
4362378
4363186
4124848
4509548
4109250
4325666
4073430
4425289
4244442
4511088
4299377
4490056
4170217
4232334
4551451
3965235
4670631
4131166
4215159
4634049
4108377
4595392
4262570
4205800
4390342
4221674
4565770
4220507
4360079
4564338
4173117
4542959
4287756
4706412
4514362
4228988
4771631
4177349
4512907
4188228
4064600
4680446
3992132
4397401
4221042
4006782
4225535
3823873
4306706
4138487
3973835
4388284
4005119
4209363
4319777
4262793
4171172
4219266
4326544
3954922
4369533
4350788
4674456
4282149
4367099
4281582
4698798
4300240
4312473
4592827
4749998
4600949
4085241
4364540
4158005
4293226
4501814
4391228
4483565
4262522
4415521
4714075
4522622
4253592
4502723
4353136
4478409
4503513
4598432
4294582
4428864
4884201
4350733
4707401
4243417
4556758
4417369
4369250
4422008
4497880
4656554
4366755
4121528
4490531
4009154
4791617
4140551
4709270
4470381
4593162
4266125
4368852
4428376
4228891
4353084
4353669
4188738
4232445
4274075
4546569
3913820
4262282
3898285
4007340
4470753
4231142
4281506
4247515
4221515
4405321
4622175
4254574
4389156
4148144
4239371
4591552
4280790
4695901
4603653
4344309
4510576
4368267
4699924
4458951
4452686
4226312
4729714
4244034
4141503
4254951
4421611
4628025
4379237
4543082
4682153
4571367
4559435
4510819
4668708
4608020
4522395
4478704
4599883
4329934
4579122
4399341
4579236
4323789
4389648
4589214
3968047
4680630
4236081
3991163
4291603
3857773
4468982
4119775
4360007
4276527
4191039
4799917
4095796
4229769
4286363
3921551
4545408
4241198
4419540
4005876
4343175
4601263
4337620
4361155
4343667
4505583
4541760
4454129
4277128
4505067
4162065
4394146
4625793
4463004
4486989
4518381
4503776
4415704
3747936
3959253
3821846
3975220
3884376
4094802
3718751
4174090
4035578
4352080
3680108
3934774
3555819
4152226
4078232
3729362
3609081
4141837
3769051
4610533
3812952
3824675
4033152
3724618
3923432
3703271
4110136
3672445
3931382
3892960
4003667
4282286
4500257
4508906
4384280
4523877
4045398
4033737
4397020
3889695
4177676
4437463
4207791
4080985
3847832
3936633
4003574
4439132
4315918
3771807
4108952
4111327
3988345
4050927
4193552
4033262
3958652
4094562
4097143
4225698
3868096
4227808
4058417
4131893
4183738
4099751
4146271
4094564
3931772
4112426
3945927
4165509
4027224
4244719
3905549
3833023
4180630
4009242
3965010
3766118
4037206
4157204
3874186
4036664
3863560
4154201
3717177
3856320
3947553
3988501
4102818
3775390
3795188
3784144
4120400
3842983
4152801
4258593
4399835
4200601
3900391
4481798
3945225
4007567
3893469
3884502
3669741
4121614
3594039
4185649
3787158
4154582
3849667
3982379
3992490
3964579
3897989
3917365
3964209
4091115
3648452
3828130
3916159
3937357
3813634
3826445
4145117
3802487
4096904
3941362
4117812
4129425
4217897
4132756
3955575
3943245
3894833
4127218
3984204
4242016
3932949
4058298
4034387
4397915
3886880
4206650
4133634
4311227
4103092
4143771
4310974
3896666
4032534
4230508
4228832
4530471
4301681
4271319
4130632
4226885
4011181
4555892
4070902
4321750
4222371
4120804
4406671
4171520
4147920
4463591
4019258
4439577
4011183
4555661
3970415
4309650
3827114
4426564
4404216
4380048
4275951
3956908
4227770
4187663
4225530
4212211
4039674
3984009
4102909
3914622
4196980
4128765
4234673
4215391
4329015
4207006
4015601
4159041
4103726
3803323
4386869
4068304
4397319
3963455
4116360
4158777
4051527
4310472
4273890
4305577
4294207
4254295
4340301
4196632
4442926
4175294
4258289
4293738
4442175
4180196
4317320
3946520
4511850
3984986
4149264
3948412
3978852
3980328
4112663
4205306
4066881
3971244
4393113
4346981
4366792
4316643
4196259
4327667
4213403
4333603
4346186
4107143
4263006
4024121
4219260
4132294
4038021
4110626
4280763
4341583
4350339
3932197
4248509
4053375
3994414
3745555
3986700
4340422
4067604
4094167
4102563
4356327
4247133
4269307
4050614
4430099
4113867
4143890
4652138
4253600
4121092
4203651
4312289
4172129
4283621
4045881
3953214
4586460
4060838
4362790
4034154
4275726
4513115
4493868
4039314
4065440
4443274
4297924
4775816
4363192
4308252
3929007
4538933
4293278
3874920
4152433
4502907
4040855
4468444
4121823
4244914
4042333
4336351
4612109
3950369
4371471
4216335
4064229
4168615
3728376
4745139
4679347
4254578
4428636
4389091
4148194
4118424
4346985
4647760
4028585
4007014
4457223
4162287
4640557
3929861
4153002
3918392
4290589
4508655
4248828
3966630
4478593
4240879
4316772
4031131
4446108
4199493
4693049
4347424
4406416
4370045
4128837
4235863
4026468
3972624
4058242
3947835
4272001
4058278
4377617
4139645
4046201
4262562
4224831
3975973
4034918
4302902
4265443
4540506
3901049
4759291
4177426
4045776
4300608
4319773
4131636
4168604
4270722
4122324
3995879
4379855
4206946
3666464
4147014
4240056
4212201
3933024
4323126
4196931
4688431
4593224
4253755
4245605
3942539
4662414
4213146
4014162
4000115
4500243
4289315
4219850
4699584
4142541
4503128
3904919
4432244
4273651
4493102
4253398
4350949
4226724
4301914
4281916
4569696
4475843
4437043
3824992
4476566
4503572
4435256
4302445
3986739
4432887
4104625
4099966
4248295
3954054
4154981
3842220
4123169
4149547
4015884
4242947
3906465
4385633
4006142
3976729
4102685
3943870
4229288
4317473
4108680
3948853
3968161
4041635
4237726
3919034
4185676
3746377
3849954
3776723
4043772
4021177
3773847
4062733
3875220
3921936
4130297
3651726
3921476
3861971
3988509
4379012
3903654
4357120
3828384
4258839
4113177
4013777
4187290
4043362
4240706
4157991
4024435
4175430
3985091
4085646
3977241
4164713
4158040
4056626
3946265
4305572
4005824
4481428
3903197
4136959
3973575
4320412
4014716
4017864
3929153
4009224
3976490
4287096
3904857
4159370
3830838
4500697
4007379
4068956
3966594
4089792
3708885
4153193
3776718
4076682
3693958
3859892
3785768
3579754
4028348
3951622
4056139
4020152
4077618
4074396
3862076
4015052
4115894
3867367
4047917
3718106
4137791
3881174
4202206
3801711
3997743
4025256
3857747
3796609
4094502
3950672
4138115
3888534
4323071
3785576
4442669
3942445
3929315
3994486
4363979
4136145
4144467
3914409
4065545
3780866
4005101
4066004
3845062
3740605
3821983
4134958
3994838
3840566
3730411
3750567
4269179
3931902
4230961
4152248
4004523
3888814
3869375
3958373
3906557
3575546
4086068
3491588
3996747
3744773
3838379
3900148
3552086
3951015
3886516
3662635
3964990
3986207
3854790
3803067
3657385
3865945
3797346
3837149
3967254
3811376
3696020
3940827
3837695
3947594
3731927
4150235
3523169
3848303
3963566
4277066
3880375
3946232
3861302
3958214
3532382
4016788
3837713
3968860
3748413
3514516
3846146
4009651
4173116
3871838
3962749
3834752
4425070
3789040
3703217
3892371
3482321
4062230
3957287
4036346
3651295
3984890
3943228
3853684
3990952
3731485
4013886
4260728
3903922
3884550
3740743
3848435
3933854
3753158
3785161
3898797
3982118
4250152
4175894
3842691
3658407
3915478
3838066
3853947
3854845
3870641
4115286
3958426
3931149
4018822
3840433
3879002
4234523
3678964
4314706
3852731
3914729
3809455
3986332
4570476
3934356
3956770
4072391
4087108
4222592
4134974
4066058
4139318
3881707
4071572
3472502
4369955
3670470
4152962
3907131
4128179
3923935
3642486
4511829
3858117
4120136
4220689
3773882
4183190
4230813
4209031
4085819
4155341
4005333
4213140
4049628
4426358
4088689
4457702
4146418
4143505
4077688
3911136
4151323
4116467
4233418
4236496
4058847
4175385
4052590
3990058
3965959
3980366
3918589
4093608
4297368
4166604
4023157
4316548
3832389
3988042
3727533
3947955
4065693
3767761
3866689
3956299
3954060
4140974
3601423
4197998
3906796
4279848
4047037
4078618
4110469
3680477
4357552
3756760
3757997
3968489
3567142
4149243
3576063
4134608
4105423
3637037
3884809
3682951
3803133
3896324
3497632
3581759
3524536
3462487
3739936
3510736
3812308
3882505
3583240
3742863
3743304
4060358
3607741
3938604
3831192
3876442
4080575
3773043
4277757
3723454
3709679
3984153
3889522
4284736
4089109
4185244
4019153
3848851
4368385
3627837
3907289
4157968
3686200
3909542
3768566
3834742
4446773
3735099
4185157
4013028
4163959
3872839
4097314
4312503
3785530
3863183
3972168
3728993
3843353
4016991
3814559
3743290
3870561
4028691
3969459
3785718
3948371
4166914
4104741
3940035
4156557
3898001
3959371
3940897
3966816
4216385
4066907
3889563
3990968
3733292
4179828
3853135
4173475
4017352
4058218
3767933
3758860
3980135
3589589
3703490
3677284
3870184
3840354
4062396
4114499
3838225
3908233
4014302
3602918
3908791
3758879
3811121
3994224
3689510
3869978
3663549
3949778
3946406
3583381
4128974
3645931
3838422
4046613
3711703
4168474
4050938
4276282
3952901
4275439
4187375
4089565
4034846
3976258
3741158
4158108
3872405
4116415
3802594
3894986
3810337
3798560
3879625
3929433
3829275
3806555
4035863
3905472
3934116
3665787
3968822
3993568
3849389
3981818
3770564
3926699
3854894
3949654
4141576
3735337
4216255
3698234
4083814
3979659
3970295
4045230
3988261
4125591
4151869
3826567
4131223
4309771
4002842
3881738
3940624
4034523
3645653
3964211
3948128
4160512
3977306
3765142
4200500
3998618
4071899
4033052
4282592
4067721
4087420
4131673
4126710
3727682
4082867
4017323
3923923
3993426
3868057
4077078
3700924
3865559
3972909
3768589
4075302
4018810
4110078
4378001
4103707
4194476
4149737
4306835
3993045
4079772
4406641
3803609
4008865
3627211
4160507
4280834
3911442
4070688
3843145
4163571
4069444
3933969
4334681
3900660
3833225
4054128
4026214
3987267
4033889
3757183
4086050
3956643
4066445
4097132
4174568
4083664
3746585
4197616
3623967
4192828
3687481
4018127
3774149
4035136
3940226
3862964
3918312
3882792
4103465
4114478
4113219
3763821
3755342
3803955
3755466
3878276
3758104
3484296
3702136
3719744
3726078
3932853
3866304
3650394
3860753
3770304
3885658
3649150
4016715
4034560
3939970
4137196
3911441
4240778
4116517
4131703
4208981
4068794
4062393
3997541
3800531
3912415
3996036
4204982
3935685
4152864
3846945
3828738
3903084
3858324
3572410
3882090
3799799
3958181
4394898
4302989
3991614
4098886
4253604
4341654
4222383
4251044
4356698
4221645
4461758
4140781
4179429
4200587
4291345
4004663
4121533
4420657
4050281
4258220
4299784
4001828
3985427
4506628
4100011
4341291
4154920
4331268
4749979
4170941
4658595
4342505
4384202
4319208
4494274
4084549
4063895
4272784
4394235
4227153
4158410
4201707
4232946
4258304
4127608
4217213
4154770
4176271
4507356
3764283
4475284
4077369
4197815
4051149
4239658
4142958
4194269
4501347
4142758
4242242
4282833
4046111
4218285
3869203
4075356
4265853
4053532
4239836
4009247
4131142
4125087
4177159
3932138
3872299
4228307
4195990
4000560
3878456
3934002
3756758
4002374
3975204
4000309
3758180
4009867
3769603
3784669
4011872
4011011
4114672
4192627
3994450
4263202
4226652
3823931
4047810
3913153
4230806
4216624
4095251
4186982
4413192
4227151
4476381
4111395
4416392
4067278
4495518
4113766
4247276
4101583
4428692
4030197
3979261
3966269
4008657
4113395
3969040
4105532
4184165
4096218
4351266
4061577
3993940
4152833
4084994
3996743
4033282
3966568
4380171
4131750
4628122
4387994
4269023
4519402
4352724
4393185
4246351
4394029
4541554
4420275
4546014
4341367
4331337
4399495
4111702
4593636
4312549
4561135
4265655
4701154
4140080
4288729
3972618
4254902
4039159
4227959
4025765
4183382
4271356
4287344
4369471
4094369
4116034
3986410
4129327
3965133
4235871
4442039
4013262
4083652
4025666
3993027
4072466
4031374
4028519
4063347
4208425
4081151
4231051
4185149
4308502
4437858
4273515
4457090
4155246
4220779
4088375
4129252
4291649
4512582
4179977
4031179
4030963
4125179
4156182
4329439
4191796
4201608
4207819
3989614
4519180
4315515
4209863
4292955
3969091
4347779
4257186
4258377
4253428
4170582
4000636
4032913
3926285
4318614
3890996
4420203
4400774
4381331
4195639
4301198
4059827
4108054
4080417
4169019
4009772
4212501
4249607
4246276
4066960
4080272
4031630
4073376
3928244
4114215
4025149
3978552
4152696
4084727
3988828
4135416
4220157
4222863
4011263
4156020
4202422
4072289
4010225
4065717
3840846
4021354
4058782
4139170
3756538
4071993
3920826
3971469
4106666
4013982
3951444
3858338
3978075
4023126
3773393
3757099
4090168
3740561
3924206
4025437
4165133
4194639
4059782
4185189
4259607
3986665
4153666
3995477
4129860
3969470
4218732
4253299
4238151
4111083
4461394
4140683
4189960
4080808
4284045
4102047
3779528
3978844
3734893
4163255
3975560
3971836
4126674
3787422
4067741
3951472
3845183
4199286
3769800
4163617
3686395
3713885
4037966
4130624
4166752
4146043
4027037
4095092
4184859
4145518
4087562
4022960
4109048
4187131
4109423
4109310
4239423
4182124
4289125
4120453
4322551
4363979
4222613
4222023
4105333
3941109
4312696
4242162
4180246
4146556
4120404
4291595
4016284
4209575
4029055
4272963
4176980
4207149
4143560
4335095
3885158
4138318
3850257
4336727
4140420
4712592
4291534
4277190
4353438
4593486
4735303
4528183
4461941
4829733
4292890
4469562
4537260
4539043
4729157
4594008
4490258
4611933
4361469
4496633
4340786
4522826
4331310
4550670
4748868
4442368
4725979
4308310
4549237
4570839
4549202
4880961
4373213
4442267
4476896
4383230
4815757
4350833
4867888
4512062
4261412
4467042
4423992
4335133
4675691
4165021
4500360
3976970
4453663
4244265
4330828
4388438
4271580
4461955
4010407
4311781
4354475
4067062
4502898
4302569
4526975
4181520
4240968
4418094
4289742
4507894
4377555
4201592
4092645
4362572
4500409
4095172
3974530
4304327
4015900
4326437
4094198
3788367
4202568
4052038
4334028
3906080
4340192
4235592
4155220
4259312
4143815
4302246
4022404
3917526
4425828
4180775
4461579
4316835
4302195
4496197
4128157
4236613
4306867
4307468
4346609
4075065
4466407
4271126
4500053
4423049
4171233
4501459
4248311
4453207
4469227
4425048
4438476
4402539
4560272
4685407
4545670
4721069
4333924
4580415
4556392
4457105
4640138
4307419
4656511
4414788
4427204
4565252
4094243
4793676
4526702
4419123
4478340
4214057
4579676
4022479
4163136
4197620
4137823
4185209
4215311
4178437
4048163
4376654
4223079
4041413
4091442
3930906
4174086
4247944
4462230
4135926
4248059
4350278
4424259
4248153
4281604
4268696
4152427
4341672
4126812
4311158
4201621
4419362
4456580
4204864
4324259
4202969
4280670
4108408
4429053
4219147
4325066
4272262
4528771
4103605
4202617
4332989
3977567
4335300
4390409
4421013
4167977
4360602
4432884
4292992
4299886
4311953
4225581
4268590
4426760
4326036
4336530
4273039
4267341
4279339
4609611
4543910
4542310
4230127
4732930
4307243
4300014
4347438
4212040
4631920
4462044
4403699
4351593
4287019
4185629
4505383
4376676
4232765
4052153
4457271
