89.700000
89.700000
89.700000
89.700000
89.700000
88.463670
82.851905
89.700000
89.700000
80.416321
81.097071
77.542354
88.010621
81.858350
82.986632
89.700000
88.403870
89.700000
89.700000
83.262085
89.700000
89.700000
64.672634
89.700000
89.700000
89.700000
89.700000
84.304581
87.186100
89.700000
79.886266
89.700000
80.562716
79.399429
83.983283
82.163742
70.168345
89.700000
71.630358
89.700000
89.700000
89.700000
89.553480
86.090366
89.700000
89.700000
75.019117
89.700000
89.700000
63.193978
81.503430
89.700000
87.844548
89.700000
85.855412
89.700000
89.700000
82.763596
89.700000
89.700000
89.700000
89.700000
59.898405
89.700000
89.700000
89.700000
83.717795
89.700000
89.700000
89.700000
89.700000
89.700000
89.700000
85.828394
89.700000
82.967827
89.700000
89.700000
89.700000
89.700000
89.700000
89.700000
89.700000
89.700000
89.700000
89.700000
89.700000
89.700000
89.700000
89.700000
89.700000
89.700000
89.700000
73.986592
89.700000
86.611618
89.700000
61.313535
89.700000
84.377223
86.860533
89.700000
89.700000
85.810282
89.700000
69.013309
79.784314
86.553347
89.700000
89.700000
83.686756
83.686756
