89.700000
89.700000
89.700000
89.700000
89.700000
89.700000
89.700000
89.700000
89.700000
89.700000
89.700000
89.700000
89.700000
89.700000
89.700000
89.700000
89.700000
89.700000
89.700000
89.700000
89.700000
89.700000
89.700000
89.700000
89.700000
89.700000
89.700000
89.700000
89.700000
89.700000
89.700000
89.700000
89.700000
89.700000
89.700000
89.700000
89.700000
89.700000
89.700000
89.700000
89.700000
89.700000
89.700000
89.700000
89.700000
89.700000
89.196722
89.700000
89.700000
87.490666
84.444516
87.743191
88.198496
89.545681
89.700000
89.700000
88.997874
88.123321
89.700000
84.020292
88.996519
89.700000
89.700000
88.568773
86.292317
89.700000
89.700000
89.700000
89.700000
89.700000
67.837099
86.030497
89.700000
89.700000
89.700000
89.700000
89.526463
89.343386
75.282370
89.700000
89.700000
88.545850
86.497476
89.700000
89.700000
88.879154
82.676989
85.096728
84.167871
88.154321
87.318634
89.700000
85.427190
88.420018
86.500556
89.700000
89.700000
89.055783
79.737568
89.700000
87.222390
89.700000
89.700000
89.442365
88.752083
89.622081
88.291674
83.629921
89.700000
84.509184
89.568679
83.185523
89.700000
89.700000
89.700000
87.094156
85.171316
89.700000
62.360162
89.700000
79.897286
80.339198
88.680276
89.700000
30.462465
83.404231
89.700000
83.955378
89.700000
89.700000
89.700000
87.810731
89.140716
89.700000
89.700000
89.700000
89.039329
82.799956
85.173049
89.700000
89.700000
88.446450
89.700000
82.716405
89.178723
78.802653
88.459677
88.151971
89.700000
89.700000
89.700000
89.165385
89.700000
85.067974
89.700000
89.700000
89.700000
84.594356
87.124785
87.686535
89.700000
89.700000
89.700000
87.664374
89.277481
89.700000
88.790447
86.319986
87.598459
88.154543
89.700000
86.461674
89.700000
86.465383
88.178754
89.700000
89.700000
88.842606
88.541060
89.700000
85.114211
87.701091
89.700000
88.295213
88.950438
89.700000
88.183131
88.917387
89.700000
89.008467
89.700000
89.700000
89.700000
89.700000
89.700000
89.700000
89.700000
89.700000
89.693858
88.694363
89.015065
89.404002
89.700000
87.735073
79.244529
89.700000
89.066953
89.700000
89.700000
87.628381
89.700000
82.166981
89.700000
88.879488
89.654040
89.700000
88.355096
89.700000
88.788573
89.700000
88.955981
86.304291
87.708271
87.753434
89.700000
85.098758
82.636566
89.700000
89.700000
89.700000
85.808569
89.700000
89.700000
89.700000
87.192783
84.888250
87.473637
89.700000
85.300321
89.202824
89.700000
87.322118
89.700000
87.690937
86.412174
87.358991
89.439476
87.941833
88.766544
77.743025
89.700000
83.591091
89.700000
85.041267
83.333153
89.700000
87.274825
89.700000
81.593253
89.162772
88.244159
85.475524
89.700000
86.677054
89.180693
89.586842
83.309055
89.700000
89.700000
89.627886
89.700000
89.071922
89.700000
84.122726
89.700000
88.019497
89.700000
84.358312
87.966920
85.021554
89.700000
84.809681
87.747176
89.699160
89.700000
89.700000
87.078723
89.700000
89.700000
87.718937
83.276677
86.747179
82.070151
89.700000
84.810279
87.794348
89.700000
87.981851
87.612039
88.604268
87.913686
89.270574
89.700000
84.443531
89.298986
89.700000
87.515464
85.958291
89.567442
89.700000
89.700000
89.700000
87.975325
86.664624
58.216313
43.003234
85.376869
79.339941
82.146049
87.778584
87.395738
86.233096
89.222246
89.700000
89.700000
89.700000
88.318556
89.700000
89.700000
89.412795
89.700000
87.337016
89.700000
88.664305
89.700000
89.700000
88.783497
89.241007
87.012305
88.364584
88.042692
89.700000
89.700000
86.238189
89.700000
89.700000
89.176780
82.214323
89.700000
87.436932
87.436932